OpCode	ImagePtPair	Index	Lx	Ly	Rx	Ry
1	0	0	510.24329	1006.96231	77.25515	1015.94235
1	0	1	465.32751	1036.89579	29.94386	1038.69180
1	1	0	1031.76357	99.97783	984.21647	128.71397
1	1	1	882.64317	106.56319	839.28821	141.28603
1	2	0	468.32190	416.21064	531.80287	429.77605
1	2	1	365.31503	416.80931	434.78478	433.36807
1	3	0	219.18902	436.03991	334.77230	442.94678
1	3	1	120.37430	448.01330	232.96319	462.70288
1	4	0	173.67436	487.31707	277.87898	498.09313
1	5	0	616.78041	510.39468	626.65128	526.43902
1	5	1	501.19713	529.55211	523.64442	539.60976
1	6	0	303.63069	535.42794	355.13412	541.11086
1	6	1	181.45976	546.80266	251.52838	553.08426
1	7	0	571.32876	504.02439	609.65689	514.72949
1	7	1	232.96319	465.11086	304.82845	476.41463
1	8	0	547.37367	818.92683	391.66563	822.36807
1	8	1	475.50842	826.11086	323.99251	825.36142
1	9	0	1442.09607	465.76497	1497.19276	499.29047
1	10	0	1283.99251	511.26386	1315.13412	541.19734
1	11	0	700.68621	681.28603	643.19401	693.25942
1	12	0	728.23456	663.32594	652.77604	674.10200
1	13	0	181.45976	452.38137	259.31379	462.42129
1	13	1	329.38241	459.56541	397.65440	471.40133
1	14	0	191.64067	889.62306	14.37305	874.05765
1	14	1	778.54024	814.19069	625.22770	822.57206
1	15	0	633.32673	747.84158	562.04950	755.56436
1	15	1	658.99010	642.25743	590.49505	655.13861
1	16	0	984.32190	334.88027	846.86089	371.00665
1	16	1	1418.50780	327.69623	1279.25016	368.61197
1	17	0	584.50405	547.18404	619.23893	556.76275
1	18	0	1704.40424	538.80266	1375.33874	609.21064
1	18	1	1200.74860	534.61197	963.91017	576.88248
1	19	0	938.39863	548.59424	733.30193	580.70510
1	19	1	516.19027	729.39246	327.86213	736.95787
1	20	0	1001.51653	345.80931	975.24454	375.07982
1	20	1	688.30381	387.71619	692.57455	407.40798
1	21	0	952.11416	351.67184	969.28946	375.84257
1	21	1	708.37118	378.61197	741.11728	399.19069
1	22	0	213.20025	407.09534	421.60948	413.08204
1	23	0	188.04741	607.05100	238.35309	604.65632
1	24	0	856.32314	438.67184	896.61198	457.87583
1	24	1	644.91953	505.72284	685.80724	520.73614
1	25	0	1223.75359	446.47450	1188.61759	477.61197
1	25	1	902.15658	504.54545	847.85652	532.68958
1	26	0	412.00374	459.72284	517.20274	466.30377
1	26	1	609.03431	405.24390	695.66812	422.00222
1	27	0	1180.71990	352.23725	1185.42982	382.46785
1	27	1	926.19713	392.94678	916.53400	417.78936
1	28	0	1146.25078	876.45233	745.00312	929.13525
1	28	1	1886.46288	548.38137	1588.22208	632.19512
1	29	0	1376.21959	454.98891	1452.87586	487.31707
1	29	1	1684.04242	417.87140	1805.01560	449.00222
1	30	0	626.35644	407.06931	743.15842	419.05941
1	30	1	831.71287	356.84158	947.53465	372.46535
1	31	0	817.81188	459.00000	874.32673	483.84158
1	31	1	516.39604	487.17822	576.57426	503.81188
1	32	0	493.04950	469.00990	629.90099	472.02970
1	32	1	740.09901	414.67327	859.67327	431.23762
10	0	0	1580.32622	714.27090	1486.37390	685.77258
10	0	1	1686.92597	719.08696	1598.99624	685.77258
10	1	0	1589.96236	664.61538	1086.47428	700.73579
10	2	0	1542.98620	174.58194	1638.14304	110.76923
10	3	0	1364.71769	913.84615	944.34128	907.82609
10	4	0	670.91593	610.43478	655.25721	615.25084
10	5	0	702.97616	600.43478	569.54454	609.59866
10	5	1	593.96738	620.30100	467.16060	636.68896
10	6	0	1138.62735	673.26087	863.52447	665.32107
10	6	1	1289.79423	665.43478	997.22585	654.48495
10	7	0	1134.65496	673.04348	991.31744	663.41137
10	8	0	871.29486	644.83278	730.36261	647.11706
10	8	1	764.09285	641.22074	629.78545	649.52508
10	9	0	975.43162	654.68896	815.76161	646.67893
10	10	0	1015.62610	698.13712	932.68256	693.72910
10	10	1	1107.16939	686.09699	1020.01004	677.47492
10	11	0	1177.69134	527.84281	1035.01129	515.94314
10	11	1	1078.92095	524.23077	948.28607	515.94314
10	12	0	1632.12045	489.44482	1592.37139	435.52174
10	12	1	1733.29987	494.86288	1697.16437	443.94983
10	13	0	1638.14304	583.92308	1583.33752	534.25084
10	14	0	1385.19448	474.38127	1436.98871	441.87291
10	15	0	1352.07026	886.75585	803.41280	881.93980
10	15	1	1546.59975	866.28763	1023.23714	850.03344
10	16	0	980.69009	731.48495	618.50816	733.21739
10	16	1	821.69385	715.23077	468.54580	725.39130
10	17	0	1337.61606	661.67559	1104.74028	644.55518
10	17	1	1489.98745	644.81940	1256.50941	618.66890
10	18	0	1857.36512	869.29766	1520.98620	840.40134
10	18	1	1671.86951	881.33779	1372.22836	863.87960
10	19	0	1782.08281	660.69900	1552.62233	619.25084
10	19	1	1599.59849	672.73913	1374.35383	645.13712
10	20	0	1198.96612	473.81271	1175.62233	452.22408
10	20	1	1270.63488	470.80268	1240.66625	445.60201
10	21	0	1099.72396	326.28763	1045.52070	310.63545
10	22	0	1256.18068	534.01338	1350.27729	502.19064
10	23	0	1259.79423	586.38796	1184.05395	569.61538
10	24	0	1149.10916	676.65552	1132.24592	663.41137
10	25	0	1329.78670	510.50167	1410.48934	477.99331
10	26	0	1417.71644	399.73244	1346.64994	362.40803
10	27	0	1836.88833	310.63545	1449.03388	262.47492
10	28	0	1422.53450	530.96990	1263.53827	505.68562
10	29	0	1435.78419	477.99331	1246.67503	444.28094
10	30	0	1475.53325	746.48829	1376.76286	726.02007
10	31	0	1529.73651	754.91639	1411.69385	734.44816
10	32	0	1594.78043	786.22074	1440.60226	760.93645
10	33	0	1368.33124	693.51171	1294.85571	673.04348
10	34	0	1514.07779	673.04348	1398.44417	656.18729
10	35	0	1818.82058	775.38462	1633.32497	734.44816
10	36	0	1788.70765	744.08027	1586.34881	704.34783
10	37	0	1868.20577	765.75251	1708.00502	722.40803
10	38	0	1903.13676	741.67224	1767.02635	704.34783
10	39	0	1742.93601	609.23077	1740.52698	562.27425
10	40	0	1704.39147	526.15385	1669.46048	479.19732
10	41	0	1592.97365	472.07692	1636.93852	416.83278
10	41	1	1512.27102	456.42475	1548.40652	408.40468
10	42	0	1811.59348	487.62542	1718.84567	438.26087
10	43	0	1550.21330	415.38462	1586.34881	367.22408
10	44	0	1786.29862	599.59866	1853.75157	556.25418
10	45	0	1714.02760	497.25753	1658.61982	443.07692
10	46	0	1770.63990	357.87291	1621.88206	292.50502
10	46	1	1623.08657	346.43478	1453.85194	293.70903
10	47	0	1133.45044	502.07358	1182.83563	493.64548
10	48	0	1134.65496	471.97324	1193.67629	452.70903
10	49	0	623.80803	556.07692	522.98118	571.57525
10	49	1	729.80552	533.20067	624.16060	545.08696
10	50	0	1496.25972	594.85284	1363.04391	564.80268
10	50	1	1381.22836	590.03679	1251.62610	565.40468
10	51	0	1817.61606	565.88629	1900.72773	510.50167
10	52	0	1065.81681	498.49498	845.44166	494.08696
10	52	1	945.36512	475.61873	710.53576	482.64883
10	53	0	875.64492	773.79264	364.96863	782.01672
10	53	1	636.54831	756.93645	98.16813	780.81271
10	54	0	1582.73526	769.27090	1310.69260	746.53512
10	55	0	1586.34881	543.01003	1528.53199	497.25753
10	56	0	1602.00753	781.40468	1416.51192	757.32441
10	57	0	1430.96612	717.59197	1297.26474	697.12375
10	58	0	1557.73526	579.68896	1424.86324	543.83946
10	58	1	1411.38645	551.39465	1278.51443	526.38127
10	59	0	964.21455	496.90635	761.32497	500.48161
10	59	1	838.34253	495.70234	645.08908	508.30769
10	60	0	955.54454	684.51505	866.14680	680.73913
10	60	1	876.64868	669.46488	791.46675	669.30100
10	61	0	1120.33124	471.60870	1101.78545	455.21739
10	61	1	1211.27227	466.79264	1190.31744	444.98328
10	62	0	567.32748	564.68227	295.10665	588.76254
10	63	0	755.23212	453.91304	767.27729	462.34114
10	64	0	1172.58093	636.29097	1036.28607	627.15719
10	64	1	1290.02133	603.18060	1160.95358	585.01672
10	65	0	1312.86324	438.34114	1215.80552	414.11706
10	65	1	1211.08156	431.71906	1117.03513	413.51505
10	66	0	1200.11543	525.04682	1168.16939	505.73913
10	66	1	1131.45797	522.63880	1103.12547	507.54515
10	67	0	746.85194	489.52843	615.85069	503.37124
10	67	1	878.74655	499.76254	740.51819	503.37124
10	68	0	1008.18068	937.92642	605.87202	930.70234
11	0	0	49.38519	984.88294	3.61355	951.17057
11	1	0	1630.91593	249.23077	1683.91468	234.18060
11	2	0	489.03388	262.47492	544.44166	282.94314
11	3	0	1132.32999	201.67224	1103.54705	194.44816
11	4	0	1309.30991	268.49498	1365.92221	262.47492
11	5	0	845.74153	145.05351	857.49937	154.71572
11	6	0	896.33124	84.85284	887.01004	89.09699
11	7	0	943.90966	12.61204	894.23714	14.44816
11	8	0	816.69134	294.38127	831.03388	300.21070
11	8	1	707.68256	266.08696	726.24090	280.34448
11	9	0	798.02133	302.20736	835.24969	313.45485
11	9	1	884.74655	329.89967	920.16813	336.93311
11	10	0	1213.23965	302.47826	1246.41029	300.87291
11	10	1	1305.98745	316.32441	1347.58971	316.52508
11	11	0	529.98745	105.35117	528.34253	129.43144
11	11	1	660.07528	146.28763	656.02133	164.94983
11	12	0	1073.11418	325.66890	1101.25094	329.99666
11	12	1	1179.11167	342.52508	1211.46424	345.04682
11	13	0	847.24969	369.10702	905.38645	375.09699
11	13	1	918.91844	381.14716	977.65747	385.93311
11	14	0	557.69134	321.47157	645.62108	332.30769
11	15	0	1695.95985	268.49498	1744.14053	242.00669
11	16	0	908.04642	222.74247	958.22585	231.17057
11	16	1	979.11292	213.11037	1029.89460	219.73244
11	17	0	1502.03262	757.32441	1443.01129	782.60870
11	18	0	363.76412	847.62542	262.58469	836.78930
11	19	0	1870.61481	675.45151	1820.02509	682.67559
11	20	0	990.21832	1006.75920	543.23714	1010.76923
11	20	1	830.61982	1027.82943	391.46801	1024.01338
11	21	0	1799.54831	530.44482	1843.51317	536.03679
11	21	1	1608.03011	546.09699	1627.30238	551.08696
11	22	0	1459.27227	552.86288	1491.79423	557.43478
11	23	0	1302.68507	756.20736	974.51443	768.84281
11	23	1	1639.34755	667.11037	1363.57340	675.53177
11	24	0	983.29360	519.44482	936.97616	527.67893
11	24	1	808.03639	517.63880	771.95734	522.86288
11	25	0	772.12673	473.37458	823.25094	480.71906
11	25	1	923.29360	476.38462	975.02008	483.12709
11	26	0	817.96738	557.20401	672.68632	555.58194
11	26	1	1043.21205	655.33110	867.81807	659.72910
11	27	0	1887.47804	576.72241	1906.75031	575.51839
11	28	0	943.02760	546.76254	814.44668	549.49833
11	28	1	1277.28105	612.98328	1140.26851	622.34114
11	29	0	1078.73024	669.23746	969.23087	681.41137
11	29	1	1379.85947	636.72910	1295.65496	645.29097
11	30	0	366.68317	869.78218	190.63366	860.66337
11	30	1	889.72277	880.63366	683.28713	885.29703
11	31	0	1616.59222	529.74247	1500.51568	523.73244
11	31	1	1071.54831	620.04348	948.84693	623.66555
12	0	0	621.70181	421.99335	700.47473	432.63193
12	0	1	481.56457	438.75610	571.71616	449.39468
12	1	0	598.87711	694.45676	600.07486	699.24612
12	2	0	1315.57268	498.62084	1246.74672	493.58537
12	2	1	1032.30381	501.01552	952.69807	502.56541
12	3	0	367.71054	560.35477	415.62071	565.14412
12	4	0	735.42545	549.84922	693.07486	551.65188
12	4	1	576.12414	548.65188	542.75671	558.83592
12	5	0	1128.03182	698.32816	890.73862	695.58980
12	5	1	1447.83219	621.09978	1187.18278	620.15743
12	6	0	994.13600	531.61863	843.21896	523.23725
12	7	0	1236.31753	579.19069	838.09981	584.13747
12	7	1	838.66313	621.69623	400.91953	631.43237
12	8	0	735.07486	627.80266	569.53213	631.30155
12	8	1	435.63631	617.62528	273.08796	624.11752
12	9	0	650.82658	607.43237	434.78478	611.60532
12	9	1	314.25764	594.26164	125.76419	606.81596
12	10	0	429.39488	603.13082	273.68684	614.01996
12	10	1	321.59701	573.79601	172.47661	588.27716
12	11	0	1808.00998	105.36585	1854.72240	53.28160
12	11	1	1543.30630	191.57428	1577.44230	162.23947
12	12	0	1285.88272	250.24390	1358.25328	234.67849
12	12	1	1131.37243	287.36142	1193.56207	283.76940
12	13	0	1544.52215	496.86696	1522.34560	488.51441
12	13	1	1162.43855	511.83370	1143.85527	511.26386
12	14	0	1071.00499	720.76275	743.25702	727.96452
12	14	1	741.21148	422.53437	403.69370	444.19512
12	15	0	1310.46039	727.11530	1050.94885	733.79823
12	15	1	1009.82408	393.05765	732.34623	413.50998
12	16	0	1588.63568	884.83370	1136.29382	881.24169
12	16	1	1077.79351	986.00887	595.29258	993.79157
12	17	0	1342.29070	349.30155	920.47411	344.43459
12	17	1	778.14847	301.40798	364.11728	318.09313
12	18	0	285.06550	614.23503	340.16220	616.62971
12	19	0	117.97879	380.70953	147.16407	410.25055
12	19	1	296.44417	356.76275	311.25639	381.51441
12	20	0	512.70493	338.39468	505.98129	353.76940
12	20	1	740.27823	353.96009	717.38490	363.94678
12	21	0	1559.49969	125.12195	1455.91641	89.80044
12	21	1	1298.38927	195.16630	1191.81160	176.60754
12	22	0	1016.98628	396.53215	942.26825	393.31042
12	22	1	780.42982	418.68293	695.53088	429.23060
12	23	0	166.48784	433.43681	233.56207	449.00222
12	24	0	1095.11416	676.96674	872.65003	679.42129
12	24	1	804.65876	680.55876	579.20025	686.60532
12	25	0	1351.66563	663.20399	1127.17280	671.03991
12	25	1	1504.97817	815.86475	1274.49657	824.29933
12	26	0	161.69682	642.09091	4.19214	654.29933
12	26	1	382.08359	590.00665	242.54523	598.62306
12	27	0	840.40424	600.57871	624.18029	607.51885
12	27	1	532.58141	614.94678	309.76981	624.28160
13	0	0	71.86525	689.66741	275.48347	710.02217
13	1	0	164.09233	684.87805	322.19588	705.23282
13	2	0	213.20025	669.31264	370.10605	692.06208
13	3	0	50.90455	605.82927	180.86089	644.16851
13	4	0	27.54835	677.07095	165.29008	699.24612
13	5	0	1128.28447	456.18625	1234.88459	422.66075
13	6	0	783.60000	534.00000	948.00000	534.00000
13	7	0	798.00000	477.60000	966.00000	476.40000
13	8	0	521.80483	535.97015	705.14166	554.10448
13	9	0	308.40000	516.00000	505.20000	544.80000
13	10	0	150.00000	469.00000	278.80000	510.00000
13	10	1	450.00000	448.00000	548.80000	473.40000
13	11	0	373.20000	428.40000	531.60000	463.20000
13	12	0	1157.40000	266.40000	1025.40000	236.40000
13	12	1	733.20000	229.80000	626.40000	244.20000
13	13	0	1030.67249	442.59202	951.21210	426.08426
13	13	1	940.24205	452.76940	861.38054	445.24169
13	14	0	542.58266	730.78936	522.22084	729.73171
13	14	1	331.17904	721.21064	348.54648	734.52106
13	15	0	1511.56581	130.50998	1464.85340	74.23503
13	16	0	422.40000	509.00000	552.60000	525.20000
13	16	1	306.00000	495.20000	447.00000	524.60000
13	17	0	239.40000	237.60000	394.80000	290.40000
13	18	0	1672.19307	449.32836	1829.33893	370.74627
13	19	0	761.51485	438.69307	863.50495	432.89109
13	20	0	58.80000	412.60000	86.40000	472.80000
13	20	1	466.20000	378.40000	437.40000	413.40000
13	21	0	1288.80000	579.00000	1315.80000	539.80000
13	21	1	1567.20000	562.20000	1573.80000	508.00000
13	22	0	669.80000	498.60000	451.40000	515.60000
13	22	1	1194.80000	502.80000	903.20000	483.20000
13	23	0	198.00000	505.20000	327.60000	550.80000
14	0	0	1911.94124	860.44030	1802.14061	743.84328
14	0	1	1486.84155	761.70896	1434.45960	686.41791
14	1	0	754.32854	904.99445	371.76765	924.17314
14	1	1	1662.16115	967.32519	1200.44972	904.99445
14	2	0	52.76702	605.91898	10.19363	681.41176
14	2	1	369.36914	563.96559	329.19425	607.69367
14	3	0	287.82011	666.01776	37.17676	734.30855
14	3	1	816.08994	610.87902	513.27920	619.83574
14	4	0	149.90631	492.89234	5.99625	573.64040
14	4	1	519.87508	464.12431	370.56839	505.91565
14	5	0	1020.06496	558.30633	1078.27920	510.91565
14	5	1	885.74891	564.29967	956.55528	537.88568
14	6	0	847.99875	688.28635	569.60212	688.07103
14	6	1	1274.33229	711.06104	910.78888	667.09434
14	7	0	271.03061	897.80244	123.52280	922.97447
14	8	0	1146.48345	659.26748	856.26483	608.92342
14	9	0	1421.47908	409.49501	1372.17614	302.53496
14	9	1	827.25047	441.25971	804.93067	421.20311
14	10	0	1723.32292	403.71032	1731.71768	246.33296
14	10	1	1199.85009	463.64373	1186.65834	383.58047
14	11	0	173.89132	530.24972	234.37976	579.43507
14	11	1	810.09369	524.85572	765.64772	508.71365
14	12	0	546.83136	305.53829	593.08307	326.51498
14	12	1	932.99001	380.45505	981.64022	348.69034
15	0	0	215.62145	592.06278	6.05678	600.53812
15	0	1	844.31546	651.39013	604.46688	642.91480
15	1	0	220.46688	450.40359	3.63407	464.93274
15	1	1	690.47319	360.80717	523.30599	366.86099
15	2	0	1746.77603	673.69955	1705.58991	650.19283
15	2	1	1836.41640	687.01794	1793.41325	665.32735
15	3	0	856.42902	284.52915	944.85804	293.00448
15	3	1	587.50789	316.00897	685.62776	340.22422
15	4	0	1592.93375	487.93722	1494.81388	451.61435
15	4	1	1356.71924	507.30942	1277.98107	481.88341
15	5	0	1032.07571	658.65471	890.34700	652.60090
15	5	1	1305.84227	647.75785	1150.78864	628.38565
15	6	0	1000.58044	234.88789	719.54574	222.78027
15	6	1	1340.97161	433.45291	1055.09148	401.97309
15	7	0	207.14196	722.82511	1.21136	721.61435
15	7	1	440.93375	719.19283	305.26183	719.19283
15	8	0	1866.70032	548.47534	1812.18927	500.04484
15	8	1	1453.62776	507.30942	1399.11672	487.93722
15	9	0	1074.47319	543.63229	1078.10726	541.21076
15	9	1	897.61514	565.42601	900.03785	566.63677
15	10	0	1477.85489	694.97758	1563.86120	691.34529
15	10	1	1331.28076	663.49776	1405.17350	663.49776
15	11	0	535.41956	308.74439	545.11041	328.11659
15	11	1	804.34069	405.60538	798.28391	409.23767
15	12	0	373.09779	670.76233	250.75079	671.97309
15	12	1	633.53943	678.02691	529.36278	676.81614
15	13	0	1397.90536	797.89238	1287.67192	785.78475
15	13	1	1645.02208	739.77578	1574.76341	724.03587
15	14	0	1337.33754	525.47085	1370.04416	510.94170
15	14	1	1179.86120	498.83408	1212.56782	491.56951
15	15	0	744.98423	595.69507	703.79811	604.17040
15	15	1	941.22397	607.80269	902.46057	611.43498
15	16	0	1395.48265	713.13901	1328.85804	701.03139
15	16	1	1214.99054	710.71749	1107.17981	699.82063
15	17	0	1640.17666	541.21076	1738.29653	519.41704
15	17	1	1464.52997	577.53363	1537.21136	558.16143
15	18	0	914.57413	444.34978	959.39432	450.40359
15	18	1	793.43849	411.65919	826.14511	421.34529
15	19	0	1324.01262	642.91480	1303.41956	632.01794
15	19	1	1141.09779	653.81166	1109.60252	651.39013
15	20	0	1150.78864	728.87892	1122.92744	730.08969
15	20	1	1309.47634	664.70852	1262.23344	655.02242
15	21	0	1253.75394	722.82511	1185.91798	717.98206
15	21	1	1028.44164	663.49776	959.39432	658.65471
15	22	0	1760.70662	650.78027	1919.39432	633.49776
15	22	1	1618.97792	642.91031	1741.93060	629.86547
15	23	0	717.12303	395.91928	839.47003	414.08072
15	24	0	848.76025	491.26009	955.76972	501.83857
15	24	1	639.80126	465.83408	761.34700	486.70404
15	25	0	96.90852	440.97309	215.62145	477.28700
15	25	1	250.14511	450.05381	336.75710	479.10314
15	26	0	608.10095	710.71749	439.72240	707.08520
15	26	1	245.90536	652.60090	117.50158	661.07623
15	27	0	1735.87382	839.05830	1548.11356	825.73991
15	27	1	1456.05047	668.34081	1309.47634	653.81166
15	28	0	1355.50789	742.19731	1218.62461	730.08969
15	28	1	1177.43849	676.81614	1064.78233	664.70852
15	29	0	692.89590	543.63229	622.63722	549.68610
15	29	1	897.61514	536.36771	830.99054	537.57848
15	30	0	376.73186	725.24664	325.85489	727.66816
15	30	1	568.12618	583.58744	522.09464	586.00897
15	31	0	305.26183	500.04484	376.73186	530.31390
15	31	1	147.78549	457.66816	236.21451	483.09417
15	32	0	1172.35331	317.82511	1198.28391	311.90135
15	32	1	1366.77603	263.94619	1406.63722	231.99103
15	33	0	586.98107	0.60538	480.24290	26.63677
15	33	1	914.65300	124.70852	802.46372	122.89238
15	34	0	899.35962	208.85650	962.40694	208.25112
15	34	1	1044.11672	244.57399	1116.85489	239.73094
15	35	0	384.64669	120.47085	305.47634	156.79372
15	35	1	745.63091	223.38565	658.58675	234.88789
15	36	0	916.99685	481.88341	758.30915	478.25112
15	36	1	1268.29022	497.62332	1056.30284	481.88341
15	37	0	959.39432	891.12108	661.40063	875.38117
15	37	1	500.29022	680.44843	279.82334	685.29148
15	38	0	1003.00315	794.26009	725.60252	786.99552
15	38	1	615.36909	605.38117	341.60252	605.38117
15	39	0	877.02208	768.83408	646.86435	755.51570
15	39	1	459.10410	650.17937	306.47319	648.96861
15	40	0	737.71609	211.88341	450.62461	220.35874
15	40	1	1214.99054	232.46637	860.06309	209.46188
17	0	0	1229.70640	716.36455	1219.19322	624.44482
17	0	1	1279.69385	716.36455	1270.98745	621.43478
17	1	0	1323.20452	680.69900	1302.33124	580.07692
17	1	1	1275.62610	670.46488	1245.11669	574.65886
17	2	0	1300.94354	650.22074	1331.25094	542.76923
17	2	1	1354.54454	644.20067	1386.05646	530.72910
17	3	0	1249.54580	631.19064	1329.75031	528.64883
17	4	0	1407.27788	737.59462	875.52930	670.31915
17	4	1	1549.43289	713.70885	1032.80718	627.68757
17	5	0	1332.19573	407.59197	1438.79548	278.24080
17	6	0	1361.10414	493.07692	1489.98745	361.31773
17	7	0	1390.01255	507.52508	1514.07779	376.36789
17	8	0	1435.78419	488.26087	1563.46299	346.86957
17	9	0	1444.21581	441.90635	1550.81556	299.91304
17	10	0	1409.88708	446.12040	1534.55458	307.73913
17	11	0	1714.02760	461.17057	1891.69385	269.81271
17	12	0	1821.83187	889.76589	1717.64115	748.29431
17	12	1	1732.09536	891.57191	1624.29109	758.52843
17	13	0	1886.87578	868.69565	1806.17315	717.59197
17	13	1	1780.27604	866.28763	1704.39147	724.81605
17	14	0	1767.02635	921.07023	1152.53450	819.93311
17	14	1	1844.71769	904.21405	1204.93099	797.05686
17	15	0	1818.82058	939.73244	1522.50941	810.90301
17	15	1	1897.71644	945.75251	1583.33752	810.30100
17	16	0	122.19282	514.83651	25.40643	575.51624
17	16	1	242.57089	535.39642	148.20416	577.93505
17	17	0	1822.98191	777.07317	374.89707	732.77162
17	18	0	1598.39398	718.79599	1504.44166	587.55853
17	18	1	1839.29737	703.14381	1735.70891	543.01003
17	19	0	1175.75614	711.38410	872.65217	644.89698
17	19	1	1291.89981	658.47256	984.25898	577.77492
17	20	0	1820.58640	778.27051	364.11728	726.78492
17	21	0	1128.77127	696.61814	770.66163	636.14782
17	21	1	1638.10964	383.38186	1218.29868	249.13774
17	22	0	508.12854	828.44345	206.85822	830.91377
17	22	1	866.23819	774.02016	644.81664	728.71892
17	23	0	1836.52174	605.91265	1899.43289	412.40761
17	24	0	1865.55766	697.82755	1835.31191	516.41657
17	25	0	1526.26087	629.87234	1480.62571	487.99328
17	25	1	1697.75425	611.73124	1665.42722	442.33819
17	26	0	1580.13662	368.63193	1571.83656	216.46563
17	27	0	1557.34026	909.36058	999.57845	809.73236
17	27	1	1653.21928	918.12878	1103.62382	807.01120
17	28	0	1676.21928	837.61478	1122.25898	723.96529
17	28	1	1779.35728	863.01232	1222.37240	739.98992
18	0	0	1711.87970	708.71047	1627.06767	778.57461
18	0	1	1865.26316	690.67038	1786.46617	776.16927
18	1	0	869.46617	670.64811	641.20301	632.81737
18	1	1	1044.50376	611.11581	800.00000	589.52116
18	2	0	1154.88722	595.32294	903.45865	591.71492
18	3	0	1028.35338	673.01336	783.54135	650.47884
18	3	1	873.76692	607.46771	650.00752	573.50780
18	4	0	996.09023	655.45657	807.21805	636.21381
18	5	0	743.45865	756.48107	575.03759	709.57684
18	6	0	1391.63158	496.75056	1141.12782	507.26281
18	6	1	1220.20301	508.17595	953.45865	502.45212
18	7	0	1026.22556	567.95100	369.96992	520.83073
18	7	1	1376.30075	545.70156	661.09774	523.83742
18	8	0	1153.03008	371.29176	900.14286	355.27617
18	8	1	1008.66917	442.24944	771.42105	416.01114
18	9	0	1504.96241	654.64811	1344.96241	690.55457
18	9	1	1696.84211	631.79733	1532.63158	685.14254
18	10	0	1545.26316	703.35635	1431.57895	751.28953
18	10	1	1686.01504	690.72829	1562.10526	753.69488
18	11	0	1686.61654	1064.36526	691.72932	1072.78396
18	12	0	1894.73684	978.97550	691.72932	976.57016
18	13	0	1849.02256	780.53452	1785.26316	883.96437
18	14	0	1846.61654	678.30735	1915.18797	788.95323
18	15	0	1142.85714	722.80624	887.81955	703.56347
18	16	0	1690.22556	705.50111	1729.92481	783.22940
18	16	1	1808.72180	697.68374	1863.45865	794.05345
18	17	0	796.39098	980.17817	508.87218	918.84187
18	18	0	1258.34586	805.79065	963.60902	813.00668
18	19	0	1116.46617	651.81069	896.87218	639.61470
18	19	1	1292.70677	625.35189	1061.68421	633.00000
18	20	0	555.57143	624.08241	440.88722	565.55457
18	20	1	682.48872	660.16258	552.16541	611.25612
18	21	0	483.14286	748.48552	479.39850	684.26281
18	21	1	576.37594	713.60802	570.82707	659.00668
18	22	0	671.27820	799.77728	552.18045	744.45434
18	23	0	1404.14286	892.38307	1104.85714	916.43653
18	23	1	1230.30827	886.36971	958.09023	888.17372
18	24	0	1447.81955	674.02673	1193.30075	697.83742
18	24	1	1624.66165	655.38530	1370.74436	697.23608
18	25	0	1814.73684	746.41871	1811.12782	839.46548
18	25	1	1680.60150	715.75056	1668.57143	790.15590
18	26	0	1174.50376	894.18708	819.63158	884.56570
18	26	1	1348.33835	902.60579	995.87218	915.83519
18	27	0	1306.53383	634.61915	986.38346	632.87973
18	27	1	1493.00000	652.05791	1157.81203	670.76392
18	28	0	1181.91729	945.90200	866.51880	939.28731
18	28	1	1333.49624	914.03118	1044.56391	923.65256
18	29	0	1194.58647	586.90423	937.14286	584.49889
18	30	0	1760.83945	890.59701	1327.68101	961.11940
18	30	1	991.22770	1015.52239	513.74607	967.16418
18	31	0	1555.34103	606.49254	1382.07765	642.76119
18	31	1	707.15635	785.82090	558.06925	731.41791
19	0	0	556.27723	645.32673	369.32673	651.37624
19	0	1	458.45545	657.00990	241.80198	662.06931
19	1	0	1567.76119	545.34956	1195.74627	511.02655
19	1	1	1395.82090	538.18142	1020.82090	511.02655
19	2	0	980.10448	964.71239	588.65672	943.80531
19	2	1	799.20896	841.06195	413.73134	820.15487
19	3	0	984.22388	962.92035	592.55224	942.61062
19	3	1	799.14925	855.39823	405.08955	833.29646
19	4	0	649.55224	529.24779	420.29851	538.80531
19	5	0	1459.10448	683.36283	1268.05970	665.44248
19	6	0	472.83582	333.31858	3.58209	338.09735
19	7	0	1064.71642	586.96018	755.02985	574.49115
19	7	1	888.59701	554.70354	563.38806	546.41593
19	8	0	1571.34328	529.24779	500.29851	464.73451
19	9	0	1085.86567	588.90708	770.65672	574.97345
19	9	1	1226.76119	555.45575	889.46269	536.74336
19	10	0	1371.94030	442.03540	1010.14925	415.75221
19	11	0	1256.11940	461.15044	846.56716	426.50442
19	12	0	267.46269	677.17699	173.62687	686.48673
19	12	1	390.44776	662.84071	279.89552	669.16372
19	13	0	105.07463	521.15044	60.29851	552.34956
19	13	1	225.07463	532.50000	160.59701	554.73894
19	14	0	1289.55224	1048.93805	618.50746	1010.70796
19	15	0	204.17910	585.39823	296.11940	616.46018
19	16	0	724.77612	637.96460	452.53731	627.21239
19	17	0	1488.95522	903.18584	937.31343	880.48673
19	18	0	907.46269	769.38053	613.73134	751.46018
19	19	0	979.10448	856.59292	656.71642	845.84071
19	20	0	975.52239	746.68142	766.56716	743.09735
19	21	0	1012.53731	807.61062	783.28358	787.30088
19	22	0	1097.31343	792.07965	831.04478	780.13274
19	23	0	1654.92537	721.42035	1517.25373	705.58407
19	23	1	1804.17910	731.57522	1662.92537	708.57080
19	24	0	817.89552	380.88496	442.38806	384.03097
19	24	1	638.19403	395.81858	271.64179	400.15929
19	25	0	1559.40299	681.75221	1459.70149	664.88496
19	25	1	1671.64179	704.45133	1581.49254	684.59735
19	26	0	636.82090	475.53540	78.80597	461.15044
19	26	1	789.05970	602.17257	327.16418	584.20354
19	27	0	913.05970	781.31416	560.00000	765.14602
19	27	1	746.49254	761.60177	388.65672	746.03097
19	28	0	1092.53731	667.83186	708.05970	647.52212
19	29	0	1736.71642	776.23451	1625.67164	760.43363
19	29	1	1875.82090	791.76549	1774.32836	775.36726
19	30	0	497.91045	995.17699	31.04478	964.11504
19	31	0	149.25373	1007.12389	0.00000	986.81416
19	32	0	374.92537	432.18584	162.38806	451.28761
19	32	1	517.61194	469.81858	321.19403	483.54425
19	33	0	1008.31343	695.42920	432.59701	667.91593
19	33	1	1224.43284	687.06637	660.05970	657.76106
19	34	0	1329.55224	471.89823	1055.44776	448.96903
19	34	1	1512.83582	488.02655	1225.00000	454.94248
19	35	0	1522.38806	764.60177	1288.59701	750.82301
19	35	1	1684.17910	761.61504	1441.43284	737.68142
19	36	0	1404.77612	658.13274	1107.94030	635.26106
19	36	1	1577.91045	697.55752	1276.89552	673.49115
19	37	0	482.61194	561.79204	288.16418	573.45575
19	37	1	630.67164	565.97345	427.86567	569.87168
19	38	0	527.76119	645.13274	581.49254	658.27434
19	39	0	1104.47761	586.59292	976.71642	583.00885
19	40	0	175.52239	455.17699	3.58209	479.07080
19	41	0	1149.77612	630.12832	868.47761	617.68584
19	41	1	1312.76119	676.12389	1007.58209	658.90265
19	42	0	1077.01493	465.92920	866.86567	457.56637
19	43	0	1257.31343	900.79646	895.52239	880.48673
19	44	0	714.02985	959.33628	263.88060	930.06637
19	44	1	448.95522	935.44248	0.00000	910.95133
19	45	0	388.65672	688.04867	203.58209	691.53540
19	45	1	237.61194	654.59735	74.02985	661.66814
19	46	0	1571.94030	753.05310	1389.25373	735.13274
19	46	1	1712.83582	776.94690	1531.94030	759.62389
19	47	0	1383.28358	752.79204	1136.10448	737.79646
19	47	1	1515.82090	697.23894	1268.04478	673.88053
19	48	0	540.89552	824.33628	272.23881	812.38938
19	49	0	841.79104	696.50442	524.17910	680.97345
19	50	0	1829.25373	630.79646	402.38806	540.00000
19	51	0	1724.77612	688.98673	1583.28358	666.01327
19	51	1	1885.37313	711.08850	1768.95522	685.12832
19	52	0	1059.01493	526.83186	726.86567	518.02655
19	52	1	1177.22388	577.60619	856.41791	561.03540
19	53	0	827.46269	836.28319	457.31343	817.16814
19	54	0	1675.22388	845.84071	1170.14925	815.97345
19	55	0	357.61194	635.29646	80.00000	641.54867
19	55	1	534.92537	620.36283	284.17910	623.62832
19	56	0	1455.43284	582.07522	1173.47761	556.42920
19	56	1	1336.62687	523.53540	1039.74627	500.87611
19	57	0	1169.73134	485.47345	879.71642	466.51770
19	57	1	994.20896	463.96903	708.37313	458.75221
19	58	0	1485.07921	901.31683	1224.56436	888.66337
19	58	1	678.53465	647.47525	512.13861	650.94059
2	0	0	1365.62082	983.06167	1065.66914	981.87225
2	0	1	1415.58364	1013.39207	1022.24907	952.13656
2	1	0	1112.08550	593.40529	1183.58364	564.29515
2	1	1	1050.22677	594.00000	1116.96654	566.67401
2	2	0	465.52045	172.46696	534.72119	204.58150
2	2	1	659.42379	203.39207	723.27138	216.47577
2	3	0	553.80297	698.75771	440.81784	699.97797
2	3	1	779.82528	713.03084	659.70260	699.97797
2	4	0	1433.34572	482.25110	1486.98885	423.71806
2	4	1	1094.90706	466.19383	1118.21561	431.44934
2	5	0	1090.14851	554.40594	999.72277	528.57426
2	5	1	805.69307	520.45545	752.00000	515.95050
2	6	0	1058.29703	655.43564	895.72277	635.96040
2	6	1	1402.82178	621.76238	1235.91089	573.42574
2	7	0	1137.17822	706.17822	897.60396	693.80198
2	7	1	1691.61386	704.62376	1398.67327	655.18812
2	8	0	1132.19802	707.73267	888.58416	679.66337
2	8	1	1642.78218	502.90099	1358.07921	448.57426
2	9	0	1283.42574	514.63366	1130.16832	497.78218
2	10	0	1005.04089	953.32599	683.94796	935.48458
2	10	1	1372.02974	775.50661	1105.06320	739.82379
2	11	0	1819.47955	831.33040	1590.48327	783.14097
2	11	1	1486.39405	777.21145	1312.71375	731.99559
2	12	0	913.84758	323.85903	1011.82156	303.89868
2	12	1	1115.48327	372.03084	1212.86245	332.44493
2	13	0	1285.97398	711.84581	1193.50929	675.97797
2	13	1	1096.23420	676.75771	991.27881	651.59471
2	14	0	1792.71375	832.59912	1545.27881	773.12775
2	15	0	946.82528	569.29515	810.50558	556.22026
2	15	1	1148.46097	619.84581	1030.57993	591.30837
2	16	0	73.75465	493.61233	279.55390	530.48458
2	17	0	497.84387	567.05727	427.06320	574.98678
2	17	1	277.17472	433.24670	214.12639	465.55947
2	18	0	553.73606	322.72247	404.53160	349.01762
2	18	1	764.88848	388.73568	617.46840	391.83700
2	19	0	1368.96283	509.62115	956.55019	479.75330
2	19	1	1064.42751	541.73568	631.79182	527.33040
2	20	0	821.55390	501.05286	784.40892	491.63877
2	20	1	952.40892	540.89868	920.61710	526.72687
2	21	0	560.29740	619.69163	311.67286	622.07048
2	22	0	772.80669	568.40088	764.89963	561.34802
2	22	1	661.57993	593.97357	663.18959	589.29956
2	23	0	566.24535	628.01762	444.90706	644.66960
2	24	0	656.65428	670.83700	528.17844	657.75330
2	25	0	651.89591	755.28634	513.90335	737.44493
2	26	0	756.57993	649.42731	745.87361	633.96476
2	27	0	624.53532	408.24229	430.03717	424.34361
2	27	1	371.74721	324.38767	161.18959	368.44053
2	28	0	821.78810	644.00441	807.72119	631.76211
2	28	1	962.15985	637.46256	944.52416	612.73128
2	29	0	992.27881	542.37445	1012.36059	517.80617
2	29	1	870.34572	550.70044	891.61710	533.26872
2	30	0	514.49814	688.66520	414.57249	688.08811
2	30	1	288.47584	689.25991	206.98885	702.95595
2	31	0	670.58364	400.23348	534.07807	410.05286
2	31	1	893.63197	393.09692	732.14498	386.26432
2	32	0	1134.78439	554.53304	1127.07807	521.44053
2	32	1	1010.47212	518.85022	1001.57621	496.46256
2	33	0	541.26766	492.91189	564.10037	501.26872
2	33	1	417.55019	498.85903	447.52045	510.78414
2	34	0	252.19331	588.76652	141.56134	607.79736
2	35	0	1344.34572	451.97797	1146.52045	409.60793
2	35	1	1108.80669	409.15859	923.47212	382.25110
21	0	0	1582.23331	393.92461	1426.52527	355.60976
21	0	1	1535.52090	373.56984	1381.01061	336.45233
21	1	0	1380.73986	911.17517	844.70056	893.81375
21	1	1	1380.14099	1000.37694	805.77355	968.04878
21	2	0	1425.92639	1037.49446	784.45103	1014.74501
21	2	1	1567.86026	1062.03991	951.53774	1049.46785
21	3	0	1459.12539	686.00000	1356.23768	666.05322
21	3	1	1423.79164	690.19069	1317.90954	669.64523
21	4	0	1404.88147	1009.95565	832.40050	984.81153
21	4	1	1462.97255	920.75388	969.54336	906.98448
21	5	0	1070.08484	951.88470	501.85901	915.96452
21	5	1	1134.16469	920.75388	582.10855	893.21508
21	6	0	319.80037	426.74279	226.37555	430.39468
21	6	1	88.03493	417.76275	11.97754	425.00665
21	7	0	505.45228	456.80266	604.76918	452.01330
21	7	1	338.96444	443.03326	450.25889	441.83592
21	8	0	34.73487	723.19290	16.76856	707.62749
21	9	0	991.99064	672.05100	456.52963	647.07539
21	9	1	721.29819	594.22395	196.01809	583.61641
21	10	0	1208.28571	371.07761	1143.85527	343.85588
21	10	1	1606.53899	377.06430	1578.64005	330.68514
21	11	0	1352.99064	487.19290	1249.46351	456.03326
21	11	1	1009.83406	528.50111	894.92826	506.92018
21	12	0	875.55833	456.18625	709.07049	471.75166
21	13	0	1535.80412	303.52550	1494.79726	251.44124
21	13	1	1153.12165	210.13304	1043.24392	184.39024
21	14	0	1862.50780	409.49002	1755.30880	351.22395
21	14	1	1398.97692	425.05543	1297.76669	394.92683
21	15	0	1242.07112	632.19512	742.60761	620.22173
21	15	1	955.91516	192.17295	610.85465	181.99557
21	16	0	1628.02246	226.29712	1091.17592	181.39690
21	16	1	821.33500	157.45011	269.49470	167.05543
21	17	0	1182.62329	296.19403	1303.50472	282.08955
21	18	0	859.51778	546.21064	510.24329	530.57206
21	18	1	421.73862	566.56541	75.45852	564.09756
22	0	0	1153.60000	658.00000	1063.20000	662.40000
22	0	1	1189.60000	658.00000	1102.20000	662.40000
22	1	0	1581.00000	541.20000	1704.00000	598.40000
22	1	1	1726.20000	522.60000	1870.80000	594.20000
22	2	0	1860.00000	831.60000	1683.60000	928.80000
22	2	1	1630.80000	816.00000	1423.20000	868.80000
22	3	0	1701.60000	561.00000	1542.00000	613.60000
22	3	1	1909.20000	550.80000	1797.60000	629.20000
22	4	0	1618.80000	796.60000	1503.00000	861.00000
22	4	1	1803.00000	795.40000	1726.80000	892.20000
22	5	0	1886.40000	626.40000	1759.20000	705.60000
22	5	1	1560.00000	536.40000	1429.20000	571.20000
22	6	0	1699.80000	532.20000	1728.60000	594.60000
22	6	1	1855.80000	543.00000	1875.60000	623.40000
22	7	0	1595.28509	717.36585	1552.83531	779.47007
22	7	1	1828.65253	671.58537	1813.64504	763.19734
22	8	0	1607.36432	475.20621	1683.77293	525.17073
22	8	1	1738.68434	447.80931	1837.95384	504.10200
22	9	0	1424.96132	671.72284	1456.36245	720.27051
22	10	0	978.20774	537.52993	1038.91578	535.78936
22	11	0	1311.66188	271.02882	1493.69994	291.98004
22	12	0	1315.20000	852.60000	1114.20000	871.80000
22	12	1	1903.20000	868.80000	1776.60000	980.40000
22	13	0	817.20000	440.40000	873.60000	416.40000
22	13	1	958.80000	447.60000	1004.40000	435.60000
22	14	0	1325.00000	403.00000	1410.60000	423.00000
22	14	1	1433.60000	442.00000	1510.20000	467.40000
22	15	0	1520.40000	439.20000	1754.40000	490.80000
22	16	0	1624.80000	477.60000	1832.40000	538.80000
22	17	0	1594.80000	355.20000	1795.20000	398.40000
22	18	0	1681.20000	232.80000	1850.40000	270.00000
22	19	0	1550.40000	334.80000	1743.60000	372.00000
22	19	1	1633.20000	339.60000	1856.40000	380.40000
22	20	0	1077.60000	496.80000	825.60000	477.60000
22	20	1	1405.20000	268.80000	1135.20000	270.00000
22	21	0	1029.60000	410.40000	812.40000	393.60000
22	21	1	1334.40000	206.40000	1155.60000	199.20000
22	22	0	1048.80000	333.60000	796.80000	313.20000
22	22	1	1450.80000	144.00000	1276.80000	142.80000
22	23	0	690.17904	274.05100	638.35870	236.20177
22	23	1	1126.49033	121.51441	1073.71865	115.21729
22	24	0	1674.00000	408.00000	1839.60000	462.00000
22	24	1	920.40000	360.00000	1070.40000	361.20000
22	25	0	581.80000	679.40000	573.60000	622.20000
22	25	1	756.40000	647.00000	747.00000	612.00000
22	26	0	752.20000	218.40000	786.40000	194.40000
22	26	1	559.60000	189.00000	634.60000	158.40000
22	27	0	971.20000	268.80000	969.40000	254.40000
22	27	1	805.00000	290.40000	830.20000	263.40000
23	0	0	351.36476	639.42668	276.32754	645.70232
23	0	1	1213.69727	596.56009	1098.16377	635.85447
23	1	0	1574.59057	537.63396	1434.64020	591.37376
23	1	1	1775.28536	553.70893	1631.76179	619.35612
23	2	0	608.63524	603.70452	302.53102	637.04520
23	3	0	814.59398	481.45212	730.14286	509.59465
23	3	1	702.11278	497.68820	632.09774	518.61470
23	4	0	719.27068	175.59020	0.60150	257.37194
23	4	1	1051.90226	196.03563	406.01504	267.59465
23	5	0	1683.60902	671.06013	1083.26316	756.81069
23	5	1	1430.97744	669.85746	865.51880	741.77728
23	6	0	1109.43609	629.11359	824.87970	676.07572
23	6	1	961.46617	555.14922	700.96992	601.51002
23	7	0	1192.68421	274.69042	1155.35338	308.87973
23	7	1	1102.45865	255.44766	1063.32331	283.62361
23	8	0	905.86466	603.74165	87.81955	662.67261
23	9	0	1726.31579	738.44098	1098.34586	831.04677
23	10	0	388.57143	533.98664	64.96241	566.45880
23	11	0	822.57895	387.91982	840.42105	413.73497
23	11	1	728.14286	378.29844	748.99248	399.30290
23	12	0	372.93233	512.33853	347.66917	526.77060
23	13	0	783.74436	490.82851	339.96241	537.56125
23	13	1	985.24812	472.78842	534.84962	527.33853
23	14	0	207.51880	489.29844	25.26316	509.69488
23	14	1	350.67669	417.13808	186.46617	446.55457
23	15	0	1605.41353	405.58129	1694.43609	441.75056
23	15	1	1520.00000	401.37194	1600.60150	433.33185
23	16	0	1772.03008	566.01336	1744.96241	631.00000
23	16	1	1891.12782	580.44543	1873.08271	652.04677
23	17	0	1002.48872	197.23831	766.64662	240.53452
23	17	1	1165.49624	223.69710	944.69173	265.79065
23	18	0	1317.93233	438.72829	1087.39850	487.68374
23	18	1	1487.55639	464.58575	1264.84211	514.14254
23	19	0	562.11278	422.37862	473.98496	449.50780
23	19	1	439.40602	374.87305	374.73684	402.60356
23	20	0	1252.33083	414.92205	1328.12030	443.78619
23	21	0	1217.44361	451.00223	1359.39850	475.05568
23	22	0	1361.80451	527.97327	1452.03008	564.05345
23	23	0	1206.61654	577.28285	1270.37594	607.34967
23	24	0	979.24812	490.69042	834.88722	517.14922
23	25	0	445.11278	809.39866	153.98496	814.20935
23	26	0	665.26316	625.38976	624.36090	644.63252
23	27	0	652.03008	690.33408	708.57143	697.55011
23	28	0	593.08271	558.04009	496.84211	583.29621
23	29	0	621.95489	554.43207	525.71429	582.09354
23	30	0	277.89474	758.88641	227.36842	757.68374
23	31	0	75.78947	702.36080	13.23308	704.76615
23	32	0	7.21805	630.20045	2.40602	635.01114
23	33	0	381.35338	643.42984	342.85714	666.28062
23	34	0	405.41353	633.80846	381.35338	650.64588
23	35	0	282.70677	612.16036	354.88722	602.53898
23	36	0	312.78195	610.95768	412.63158	610.95768
23	37	0	359.69925	594.12027	443.90977	597.72829
23	38	0	425.86466	554.43207	520.90226	554.43207
23	39	0	1065.00000	335.75056	1064.34586	362.48775
23	39	1	988.00752	297.26503	992.76692	322.19822
23	40	0	573.82707	948.30735	107.06767	958.53007
23	40	1	771.12030	932.07127	328.42105	955.52339
23	41	0	1109.17293	503.91982	1169.32331	531.58129
23	42	0	756.55639	354.24276	657.34586	384.83742
23	42	1	864.82707	288.69710	767.42105	320.49443
23	43	0	143.15789	518.35189	287.51880	521.95991
23	44	0	1459.24812	622.53007	872.03008	698.75278
23	44	1	1860.45113	725.35857	1181.80451	827.43875
23	45	0	873.43609	421.49443	700.09774	454.49443
23	45	1	1032.23308	481.62806	858.29323	519.43875
23	46	0	1042.36090	532.46993	960.56391	565.70156
23	46	1	1136.19549	477.14699	1061.01504	511.58129
23	47	0	1048.14286	432.57461	935.15789	467.21604
23	47	1	1188.89474	419.94655	1080.12030	456.99332
23	48	0	970.54887	565.06682	746.51880	603.32739
23	48	1	1143.78195	595.73497	917.34586	639.40757
23	49	0	821.65414	447.39421	870.97744	466.63697
23	50	0	756.33835	507.83073	368.12030	552.06013
23	50	1	958.44361	527.07350	558.79699	574.30958
23	51	0	641.14286	443.39198	501.27068	472.37194
23	51	1	766.85714	454.21604	606.53383	485.60134
23	52	0	1666.16541	489.28508	1538.64662	542.39198
23	52	1	1520.00000	500.10913	1390.67669	552.61470
23	53	0	1097.54135	591.03341	719.93233	639.06013
23	53	1	1299.04511	566.97996	929.25564	624.02673
23	54	0	714.58647	822.62806	61.35338	863.51893
23	55	0	226.16541	763.69710	146.76692	755.27840
23	56	0	285.71429	408.08018	62.55639	440.46771
23	56	1	481.20301	419.50557	244.81203	455.50111
23	57	0	449.92481	500.31180	447.51880	514.74388
23	58	0	1083.89474	660.57461	818.86466	704.12695
23	58	1	927.50376	608.25835	670.29323	643.39198
23	59	0	846.08271	371.59465	828.09774	398.77060
23	59	1	927.28571	389.63474	908.69925	415.00668
23	60	0	1007.32331	692.51893	735.21805	733.62806
23	60	1	861.75940	663.05345	599.87970	695.14254
23	61	0	1263.50376	325.29621	1314.60902	352.76392
23	61	1	1202.15038	310.86414	1246.63910	337.12918
23	62	0	636.10526	697.39866	396.15789	719.19822
23	62	1	796.10526	726.86414	547.73684	752.87305
23	63	0	1283.60902	452.20490	1120.00000	497.90646
23	64	0	1030.52632	497.85078	821.24812	536.79733
23	64	1	868.72180	426.29176	681.09774	462.83296
23	65	0	1110.49624	574.74388	876.74436	617.70379
23	65	1	1242.22556	602.40535	1009.67669	650.77728
23	66	0	830.96241	405.55679	828.09774	432.85078
23	66	1	920.58647	392.32739	918.92481	416.01336
23	67	0	253.83459	351.66147	153.13534	383.18931
23	67	1	442.70677	361.28285	330.57895	393.41203
23	68	0	263.45865	355.29621	164.21053	381.52116
23	68	1	452.93233	359.50557	338.64662	393.54788
23	69	0	475.18797	518.31849	447.35338	536.37862
23	69	1	583.45865	503.88641	556.22556	519.54120
23	70	0	429.96992	732.87305	270.75188	739.15813
23	70	1	596.58647	752.11581	432.55639	763.21158
23	71	0	375.72180	85.99109	11.42857	146.12472
23	71	1	607.30075	112.44989	257.44361	177.39421
23	72	0	1896.17866	642.99890	1893.79653	716.82470
23	72	1	1543.62283	653.71555	1526.94789	709.68026
25	0	0	660.00000	628.80000	660.00000	633.60000
25	1	0	639.60000	664.80000	516.00000	670.80000
25	2	0	735.60000	724.80000	578.40000	722.40000
25	3	0	637.20000	774.00000	474.00000	766.80000
25	4	0	918.75608	474.09978	1013.53774	479.30820
25	5	0	206.40000	466.80000	340.80000	500.40000
25	5	1	22.80000	448.80000	177.60000	496.40000
25	6	0	507.60000	428.60000	626.40000	446.20000
25	6	1	373.80000	425.60000	505.20000	449.80000
25	7	0	176.40000	379.20000	351.60000	422.40000
25	7	1	55.20000	354.00000	256.80000	409.20000
25	8	0	1339.75234	341.02439	1486.45290	311.04878
25	9	0	1092.00000	814.80000	782.40000	801.60000
25	9	1	513.60000	786.00000	171.60000	796.80000
25	10	0	432.00000	337.20000	494.40000	372.00000
25	10	1	637.20000	364.80000	681.60000	379.20000
25	11	0	1001.83157	590.19734	1078.79164	587.57650
25	12	0	343.20000	525.60000	307.20000	554.40000
25	12	1	75.60000	500.40000	15.60000	546.00000
25	13	0	1497.60000	93.60000	1435.20000	22.80000
25	14	0	867.95197	434.09978	937.84654	429.79157
26	0	0	1208.23308	750.05345	848.93985	758.67483
26	0	1	1370.03759	706.75724	998.11278	717.78396
26	1	0	870.41353	989.79955	461.48120	985.59020
26	1	1	1020.78947	948.30735	633.51128	952.51670
26	2	0	584.54887	762.86414	322.76692	758.92428
26	2	1	716.27820	719.56793	453.89474	719.23608
26	3	0	1070.64662	725.54120	867.17293	731.00000
26	3	1	1184.93233	727.94655	981.45865	738.21604
26	4	0	320.00000	630.56125	127.51880	631.84410
26	4	1	484.81203	607.71047	297.14286	611.39866
26	5	0	1514.58647	680.65702	1347.96992	692.68151
26	5	1	1631.87970	694.48775	1465.26316	713.12695
26	6	0	792.39098	721.43875	619.81203	720.62138
26	6	1	694.34586	694.37862	521.76692	694.76392
26	7	0	1341.84211	657.00668	1128.17293	668.56793
26	7	1	1233.57143	640.16927	1014.48872	646.31849
26	8	0	187.06767	813.60802	64.96241	803.23608
26	8	1	300.15038	798.57461	182.25564	791.20935
26	9	0	475.18797	746.36526	157.59398	740.73719
26	9	1	329.02256	764.40535	30.07519	759.37862
26	10	0	648.42105	692.73942	501.65414	689.13140
26	11	0	1910.37594	736.03563	1907.96992	754.07572
26	12	0	1841.80451	740.84633	1870.67669	760.08909
26	13	0	1658.94737	1075.18931	1123.60902	1077.59465
26	14	0	1525.41353	883.96437	1133.23308	903.20713
26	15	0	1792.48120	813.00668	1664.96241	829.84410
26	16	0	1484.51128	798.57461	1395.48872	813.00668
26	17	0	1454.43609	823.83073	1288.42105	840.66815
26	18	0	522.10526	762.49443	430.67669	755.27840
26	19	0	700.15038	779.33185	288.72180	775.72383
26	20	0	808.42105	618.17372	596.69173	618.17372
26	21	0	843.30827	792.56125	754.28571	791.35857
26	22	0	910.67669	829.84410	749.47368	820.22272
26	23	0	1082.70677	738.44098	1014.13534	737.23831
26	24	0	1134.43609	703.56347	836.09023	702.36080
26	25	0	1044.21053	780.53452	725.41353	772.11581
26	26	0	1156.09023	926.05791	851.72932	924.85523
26	27	0	1177.74436	843.07350	870.97744	846.68151
26	28	0	1370.22556	659.06459	1168.12030	675.90200
26	29	0	899.71429	682.82405	758.79699	688.97996
26	29	1	825.12782	664.18263	671.57895	670.33853
26	30	0	618.06767	733.97327	450.14286	731.80401
26	30	1	497.76692	717.13586	339.46617	716.77060
26	31	0	937.42857	659.00000	570.13534	662.20267
26	31	1	1096.82707	592.25167	755.39850	596.65702
26	32	0	1193.27820	724.18263	1003.90226	731.23608
26	32	1	1290.12030	736.81069	1092.92481	749.87751
26	33	0	335.63910	751.67038	348.87218	740.84633
26	34	0	1125.80451	635.24944	882.33835	641.89087
26	34	1	1222.04511	582.33185	962.93985	587.77060
26	35	0	938.81955	986.79287	522.10526	993.40757
26	35	1	1115.06015	981.38085	696.54135	987.39421
26	36	0	687.31579	869.53229	303.15789	867.12695
26	36	1	845.51128	855.10022	466.16541	856.30290
26	37	0	621.95489	1027.08241	3.60902	1022.27171
26	38	0	1251.39850	652.16258	494.73684	657.14922
26	38	1	1492.00000	681.02673	766.61654	692.02673
26	39	0	535.33835	701.15813	439.09774	696.34744
26	40	0	730.13534	714.93987	8.42105	720.53452
26	40	1	982.16541	748.61470	327.21805	753.00668
26	41	0	584.62406	941.69265	157.59398	931.46993
26	41	1	733.19549	840.06682	282.10526	835.25612
26	42	0	1509.17293	598.22272	1223.01504	606.56125
26	42	1	1331.12782	600.02673	1050.98496	606.56125
26	43	0	1321.45865	654.68151	1042.82707	658.67483
26	43	1	1180.70677	594.54788	912.30075	598.54120
26	44	0	688.33083	735.15367	116.69173	731.51225
26	44	1	923.51880	667.80401	333.23308	666.56793
26	45	0	1273.15789	705.79733	1145.41353	717.25835
26	45	1	1373.00752	679.33853	1243.45865	688.99555
26	46	0	1709.47368	772.95991	1665.56391	799.17595
26	46	1	1621.65414	772.35857	1568.72180	794.36526
26	47	0	650.10526	727.61470	455.30075	727.22049
26	47	1	770.40602	707.16927	572.59398	707.97773
26	48	0	1431.87970	745.31180	1131.84211	759.43875
26	48	1	1274.88722	762.14922	976.05263	773.26949
26	49	0	1432.11881	1053.06931	927.21782	1076.43564
26	49	1	1818.17822	987.32673	1445.69307	1030.89109
26	50	0	661.39098	342.18931	717.43609	353.00000
26	50	1	1118.53383	384.88419	1163.15038	389.08018
26	51	0	1714.28571	687.92873	1849.02256	699.95546
27	0	0	589.98690	745.34368	164.69120	711.82927
27	0	1	469.01372	753.72506	41.92140	724.40133
27	1	0	1822.98191	896.80710	1692.42670	890.82040
27	2	0	356.33188	954.87805	86.23830	896.80710
27	2	1	428.19713	943.50333	188.04741	887.22838
27	3	0	360.52402	934.52328	125.76419	877.64967
27	3	1	473.11291	918.95787	243.14410	871.66297
27	4	0	1308.66126	960.26608	951.20836	938.71397
27	4	1	1261.94885	977.02882	893.71616	956.07539
27	5	0	1424.72863	209.93570	910.70742	210.73171
27	5	1	1581.03556	257.23060	737.03306	182.59424
27	6	0	679.59950	528.35477	699.94573	510.97118
27	6	1	399.92389	495.42794	459.19713	490.01774
27	7	0	772.61634	748.93570	532.52527	722.37472
27	7	1	406.10356	725.58758	101.33375	692.44124
27	8	0	126.33663	547.66337	95.84158	536.93069
27	8	1	657.58416	503.39604	529.08911	487.81188
27	9	0	1353.42296	593.06652	1161.82158	561.55211
27	9	1	1695.98066	653.53215	1548.69619	622.61641
27	10	0	214.39800	245.45455	481.49719	284.96674
3	0	0	180.81784	1068.10573	3.56877	926.56388
3	1	0	459.18216	706.51982	459.18216	648.23789
3	2	0	14.27509	508.37445	157.62082	440.16300
3	2	1	250.40892	541.08370	372.93680	477.62996
3	3	0	442.52788	550.65198	543.05204	504.59031
3	3	1	224.23792	534.59471	354.50186	471.88106
3	4	0	312.86245	503.54626	468.69888	451.45374
3	4	1	168.32714	493.43612	347.95539	435.99119
3	5	0	1771.30112	656.48018	1820.66914	747.72687
3	5	1	1447.73234	802.18502	1427.50929	858.34361
3	6	0	1163.41264	557.96476	1200.63569	573.01322
3	6	1	854.11896	598.40529	874.09294	584.90749
3	7	0	1640.44610	819.51542	1645.20446	906.34361
3	8	0	798.21561	712.46696	902.89963	692.24670
3	9	0	683.56506	685.99559	608.76208	641.88546
3	9	1	960.14498	706.21586	865.11896	693.62555
3	10	0	1799.85130	812.37885	1686.84015	917.04846
3	11	0	1899.77695	748.14978	1880.74349	867.09251
3	12	0	1857.54647	242.14978	1898.58736	286.65198
3	12	1	1514.34944	361.68722	1542.89963	393.70044
3	13	0	1450.11152	702.00881	1360.89219	743.91189
3	13	1	1735.01859	537.86784	1685.65056	606.53304
3	14	0	802.97398	550.70485	799.40520	535.24229
3	15	0	1200.59851	329.89868	966.90706	333.51982
3	15	1	1587.21561	250.20705	1379.10037	272.85903
3	16	0	1738.58736	636.81938	1546.53532	701.14537
3	16	1	1391.82156	531.55507	1236.64684	554.25110
3	17	0	1275.74349	497.71366	955.12268	495.57269
3	17	1	805.85502	641.03965	458.46840	594.29515
3	18	0	1644.01487	627.45374	1413.43123	674.96035
3	18	1	1278.21561	657.78414	1003.61710	664.25551
3	19	0	1078.13755	730.71806	835.99628	720.79295
3	19	1	1500.44238	777.70044	1260.08550	814.75771
3	20	0	918.97026	915.26432	674.49071	878.98678
3	20	1	459.78810	871.85022	254.56506	786.80617
3	21	0	1751.07807	457.89427	1826.02230	526.91630
3	22	0	1423.34572	682.99559	1440.00000	728.70485
3	22	1	1549.44238	640.17621	1588.10409	700.15859
3	23	0	1478.66171	566.16740	1642.82528	624.62996
3	24	0	1752.26766	324.71366	1890.26022	379.42731
3	25	0	1780.81784	369.91189	1914.05204	432.95154
3	26	0	1755.83643	431.76211	1834.34944	493.61233
3	27	0	1892.63941	487.66520	1892.63941	566.16740
3	28	0	1661.85874	503.12775	1815.31599	564.97797
3	29	0	1799.85130	593.52423	1874.79554	682.73128
3	30	0	1655.91078	647.04846	1826.02230	736.25551
3	31	0	1707.06320	593.52423	1793.90335	673.21586
3	32	0	1635.68773	549.51542	1729.66543	626.82819
3	33	0	1715.39033	534.05286	1827.21190	611.36564
3	34	0	1718.95911	466.25551	1820.07435	532.86344
3	35	0	1777.24907	387.75330	1885.50186	447.22467
3	36	0	1651.15242	530.48458	1790.33457	605.41850
3	37	0	1598.81041	623.25991	1765.35316	700.57269
3	38	0	1782.00743	579.25110	1914.05204	667.26872
3	39	0	1877.17472	598.28194	1881.93309	667.26872
3	40	0	1833.15985	553.08370	1880.74349	633.96476
4	0	0	1861.57398	578.28358	1893.80902	423.13433
4	0	1	1724.57503	588.35821	1742.70724	455.37313
4	1	0	159.16055	407.01493	292.13012	477.53731
4	2	0	938.50157	548.63433	901.34942	520.20149
4	2	1	554.70304	549.64179	556.83736	566.54478
4	3	0	1713.49423	863.39552	1556.34837	761.08955
4	4	0	1820.27282	880.52239	1666.14900	768.79104
4	5	0	809.90556	499.70149	884.44911	473.50746
4	6	0	1551.31165	441.26866	1031.52151	386.86567
4	6	1	864.30220	489.62687	417.04092	501.71642
4	7	0	1188.66737	594.40299	928.77230	556.11940
4	7	1	584.26023	274.02985	308.24764	326.41791
4	8	0	1789.04512	386.86567	1780.98636	213.58209
4	9	0	237.73347	477.53731	126.92550	554.10448
4	10	0	389.84260	354.01493	412.72508	407.70896
4	10	1	131.96222	340.91791	188.08709	429.87313
4	11	0	1764.28751	342.43284	1613.76705	199.55970
4	11	1	1411.71668	364.59701	1258.17419	282.17164
4	12	0	598.36306	400.97015	588.28961	423.13433
4	13	0	872.36097	366.71642	870.34627	338.50746
4	14	0	1577.50262	348.58209	1529.15005	233.73134
4	14	1	1343.79853	316.34328	1271.26967	231.71642
4	15	0	699.47534	208.97015	644.70094	232.72388
4	15	1	454.69045	215.01493	420.06296	276.04478
4	16	0	114.83736	290.14925	30.22036	411.04478
4	17	0	519.79014	318.35821	537.92235	346.56716
4	18	0	1327.68101	189.40299	1357.90136	88.65672
4	19	0	674.92130	225.67164	713.20042	239.77612
4	20	0	954.96327	457.38806	1015.40399	411.04478
4	21	0	1057.84155	616.02985	875.81952	594.07463
4	21	1	739.52046	637.18657	541.38090	637.39552
4	22	0	1102.95068	709.22388	888.47849	670.97015
4	22	1	735.26967	668.92537	519.48898	690.09701
4	23	0	1001.30115	876.49254	705.14166	862.38806
4	23	1	624.55404	533.95522	346.52676	578.28358
4	24	0	644.70094	556.11940	731.33263	558.13433
4	25	0	965.03673	860.37313	691.03882	854.32836
4	25	1	554.03987	606.49254	320.33578	648.80597
4	26	0	874.37566	330.44776	963.02204	298.20896
5	0	0	1212.50620	401.27894	1332.80397	364.36604
5	1	0	433.54839	585.84344	390.66998	604.89526
5	2	0	989.77667	1037.13341	530.02481	1016.89085
5	3	0	1856.43973	526.22974	1363.23048	459.02109
5	3	1	1574.61587	414.75361	1096.39725	361.92897
5	4	0	1518.25109	628.10211	1507.45784	581.35405
5	5	0	1192.05497	794.71698	971.39288	763.55161
5	6	0	1131.96127	927.16981	805.18114	901.39845
5	6	1	1284.86571	968.52386	988.06683	940.95450
5	7	0	870.65584	849.85572	614.01624	825.88235
5	8	0	366.97064	346.52497	112.72954	388.51831
5	8	1	521.07433	360.30966	292.01749	386.72031
5	9	0	1379.23798	345.49168	1098.19300	297.49168
5	9	1	1195.15303	320.91898	933.29606	283.70699
5	10	0	585.53092	287.72697	246.27483	320.04440
5	10	1	794.80012	296.11765	446.54966	308.05771
5	11	0	269.83136	317.74362	212.86696	363.32297
5	11	1	415.54029	338.12098	367.57027	370.51498
5	12	0	141.73697	787.07828	148.88337	787.07828
5	13	0	204.86352	791.84123	209.62779	787.07828
5	14	0	892.24235	389.56715	777.11430	382.37514
5	15	0	133.11680	130.65483	7.19550	219.35627
5	16	0	1302.38601	901.39845	1234.02873	869.03441
5	17	0	1157.83948	931.36515	1061.12305	900.79911
5	18	0	451.41439	729.92282	480.00000	729.92282
5	19	0	990.58089	858.24639	992.97939	830.67703
5	20	0	916.22736	865.43840	900.63710	837.86903
5	21	0	1580.01249	551.50499	1462.48595	491.12431
5	21	1	1731.71768	603.64706	1627.98251	533.67703
5	22	0	833.52530	408.16093	602.16989	406.97558
5	22	1	938.45971	496.26304	690.91443	483.69034
5	23	0	864.65959	870.23307	603.22299	842.66371
5	24	0	927.02061	712.00888	1027.75765	694.02886
5	25	0	1138.08869	576.55938	934.21611	563.37403
5	26	0	707.55778	396.75916	362.17364	419.53385
5	27	0	31.18051	453.09656	1.19925	521.42064
5	28	0	119.92505	467.48058	89.94379	517.82464
5	29	0	329.92556	442.95480	171.51365	477.48622
5	30	0	408.53598	488.20287	338.26303	516.78060
5	31	0	335.88089	517.97133	264.41687	556.07497
5	32	0	383.52357	441.76406	288.23821	454.86218
5	33	0	115.53350	537.02315	104.81390	584.65270
5	34	0	41.68734	577.50827	1.19107	629.90077
5	35	0	3.57320	660.85998	5.95533	703.72657
5	36	0	71.46402	689.43771	179.85112	712.06174
5	37	0	128.63524	775.17089	198.90819	783.50606
5	38	0	144.11911	595.36935	106.00496	626.32856
5	39	0	333.49876	682.29327	303.72208	691.81918
5	40	0	493.10174	701.34509	379.95037	693.00992
5	41	0	429.97519	684.67475	345.40943	678.72106
5	42	0	403.77171	647.76185	310.86849	652.52481
5	43	0	528.83375	633.47299	469.28040	634.66373
5	44	0	611.01737	682.29327	429.97519	681.10254
5	45	0	690.81886	707.29879	533.59801	687.05623
5	46	0	686.05459	663.24146	544.31762	657.28776
5	47	0	656.27792	641.80816	522.87841	646.57111
5	48	0	759.12555	371.58713	712.35478	376.38180
5	49	0	1869.63148	932.56382	1911.60525	883.41842
5	50	0	1174.06621	819.88901	1116.50219	788.72364
5	51	0	675.93548	604.30320	614.51613	598.87541
5	52	0	952.20487	727.59156	823.88507	708.41287
5	53	0	1091.31793	756.35960	1199.25047	726.39290
5	54	0	496.07940	736.67365	478.45658	727.21058
5	55	0	670.38101	594.53940	477.30169	602.93008
5	56	0	307.29529	573.93605	408.53598	591.79713
5	57	0	300.14888	734.68578	265.60794	746.59316
5	58	0	325.16129	712.06174	310.86849	734.68578
5	59	0	1283.19800	800.71032	1144.19800	766.71698
5	59	1	1386.93317	834.87236	1259.92567	796.08435
5	60	0	1098.51343	467.48058	994.17864	432.71920
5	61	0	668.49719	407.39290	244.64710	426.10766
5	61	1	930.53342	500.28968	515.67770	496.82908
5	62	0	522.87841	569.17310	441.88586	575.12679
5	63	0	1553.02936	778.49168	1515.25297	729.16315
5	63	1	1666.35853	800.66704	1626.78326	749.54051
5	64	0	195.33499	583.46196	275.13648	612.03969
5	65	0	607.44417	838.28004	528.83375	821.60970
5	66	0	1075.72767	771.94229	1098.51343	739.57825
5	67	0	431.73017	417.13651	425.73392	444.70588
5	68	0	1316.74329	503.08102	991.77139	463.36626
5	68	1	1512.22111	580.39512	1192.04622	532.28968
5	69	0	172.70471	714.44322	181.04218	720.39691
5	70	0	1228.89944	598.83241	1004.41599	565.93230
5	70	1	1084.98938	490.95228	881.49282	464.64484
5	71	0	920.54591	249.32297	583.99313	248.52830
5	71	1	1123.81886	315.24972	753.08745	295.87569
5	72	0	503.82134	525.11577	580.04963	531.06946
5	73	0	485.69644	445.49168	540.66833	457.95893
5	74	0	350.18114	456.69256	424.53467	477.06992
5	75	0	529.05211	744.74862	363.87097	742.73098
5	75	1	711.28536	709.62183	524.06948	702.24587
5	76	0	141.73697	527.49724	23.82134	570.36384
5	77	0	1259.28107	780.49168	1292.91255	742.07103
5	77	1	1176.53279	745.13097	1196.97252	712.10433
5	78	0	780.14888	790.65050	557.41935	785.88754
5	79	0	1856.43973	884.21310	1312.60087	838.97447
5	79	1	1598.00125	783.52497	1118.92192	745.47836
5	80	0	1134.21362	925.37181	945.05372	896.00444
5	80	1	1028.67958	875.02775	822.13054	854.65039
5	81	0	554.14741	356.88568	513.75640	370.90233
5	81	1	699.25671	347.89567	654.06871	351.12431
5	82	0	1024.73579	979.91121	815.94816	949.94451
5	82	1	1138.06496	999.68923	948.46533	971.52053
5	83	0	292.61711	221.75361	200.27483	266.10433
5	84	0	670.11414	535.58104	683.08189	533.70232
5	85	0	972.59213	449.50055	834.67833	439.91121
5	86	0	278.70968	686.55899	261.43921	694.80044
5	86	1	373.39950	732.99779	356.72457	733.49945
5	87	0	530.02481	284.60970	375.18610	313.15877
5	87	1	334.68983	234.59868	188.78412	283.98567
5	88	0	697.82573	220.55494	282.04560	252.91898
5	88	1	905.29606	253.51831	524.89382	258.31299
5	89	0	476.88089	330.58104	247.14640	365.85226
5	89	1	696.63275	373.44763	443.07692	387.28556
5	90	0	524.06948	423.90298	512.15881	438.19184
5	91	0	547.89082	883.52811	133.39950	883.52811
5	92	0	724.63524	296.80044	619.51861	302.47078
5	92	1	612.67494	264.05513	515.89578	281.03749
5	93	0	801.58809	759.69129	212.00993	768.02646
5	94	0	1887.84119	924.01323	820.64516	897.81698
5	95	0	1307.18301	287.73030	655.41599	267.27414
5	95	1	1636.37726	409.99445	985.80949	361.36959
5	96	0	861.14144	401.27894	747.99007	394.13451
5	97	0	829.88132	806.70366	640.39975	788.72364
5	98	0	754.60546	859.11797	580.57816	839.47078
5	98	1	916.59057	875.78831	753.87841	855.54576
5	99	0	702.68238	956.16318	506.19851	938.30209
5	100	0	1117.01374	569.36959	756.04185	549.19090
5	100	1	1320.28670	665.26304	971.90693	631.29967
5	101	0	997.54403	518.61820	751.90881	501.05771
5	101	1	1211.01062	552.18091	951.58401	522.63374
5	102	0	842.98376	338.74695	585.65522	336.33296
5	102	1	1036.06309	433.44173	759.54653	416.04440
5	103	0	586.51613	399.73760	533.22084	410.46527
5	103	1	690.13896	444.39030	635.05707	446.18743
5	104	0	242.97767	277.44212	65.50868	333.40684
5	105	0	249.52854	730.66814	146.50124	738.25799
5	106	0	1689.14428	537.12431	1347.92942	471.71698
5	106	1	1899.01312	628.82242	1530.81512	558.62042
5	107	0	1224.74447	588.17031	1343.39558	557.51092
5	107	1	1536.94840	658.84279	1695.35135	611.98253
5	108	0	1110.91892	544.24891	1303.76413	516.12227
5	109	0	1116.48515	878.61386	1119.85149	849.50495
5	109	1	617.39604	874.32673	584.37624	857.89109
6	0	0	998.92701	863.28160	826.45041	851.30820
6	1	0	434.71287	682.84158	319.24752	692.83168
6	1	1	350.55446	679.07921	244.19802	691.44554
6	2	0	112.58890	579.51220	95.82034	614.23503
6	3	0	1716.38178	769.00000	1601.39738	732.77162
6	4	0	1790.64255	812.10421	1646.91204	771.08647
6	5	0	1762.49532	827.07095	1603.79289	796.23060
6	6	0	1834.36057	842.03769	1679.25140	805.80931
6	7	0	341.95883	608.64523	461.41734	630.34812
6	8	0	113.78665	549.57871	366.51279	581.90687
6	9	0	802.37367	547.76940	911.98378	539.61863
6	9	1	638.88022	540.58537	756.27573	542.01330
6	10	0	1772.01123	437.98004	1501.97505	370.44124
6	10	1	1150.37679	482.28160	954.00250	460.84035
6	11	0	1649.22333	542.61863	1649.23456	477.37694
6	11	1	1301.27573	607.27494	1277.33188	576.75610
6	12	0	996.06931	382.91089	969.96040	367.64356
6	12	1	638.08911	351.10891	633.36634	361.04950
6	13	0	1062.51840	598.00000	908.04304	586.31486
6	13	1	1369.74236	593.21064	1213.47037	559.37472
6	14	0	457.54211	533.38137	352.13974	552.98670
6	14	1	157.50468	569.30155	71.86525	599.08426
6	15	0	1427.72302	135.29933	1216.91828	85.01109
6	15	1	1328.30942	211.92905	1140.26201	173.61419
6	16	0	735.40050	402.79601	880.53213	399.19734
6	16	1	846.19276	429.73614	991.32439	419.55211
6	17	0	1026.98253	448.74945	1171.06238	422.79601
6	17	1	1140.76918	449.34812	1286.04679	413.81596
6	18	0	1479.37624	574.69307	1657.29703	520.25743
6	18	1	1256.53465	574.40594	1411.96040	543.11881
6	19	0	419.81285	675.74279	408.43419	681.56541
6	19	1	233.56207	654.78936	257.51716	670.19069
6	20	0	564.14223	626.20843	762.96943	628.60310
6	21	0	1680.44916	632.19512	1887.66064	567.53880
6	21	1	1442.09607	616.62971	1618.16594	565.14412
6	22	0	1350.76357	326.27494	924.07923	299.93348
6	22	1	981.85527	189.17960	560.56082	201.15299
6	23	0	867.17405	656.14191	832.43918	645.36585
6	24	0	477.25889	430.13969	450.50156	449.07095
6	24	1	671.29507	403.79823	630.16469	417.34146
6	25	0	1406.90518	458.89357	1136.45914	427.55876
6	25	1	1078.12165	315.81153	759.76544	308.42350
7	0	0	1018.47716	769.51522	868.62944	764.64487
7	1	0	1218.54315	736.73957	1073.08122	746.21646
7	1	1	1269.71066	725.78129	1109.62944	730.38782
7	2	0	1860.91371	815.87148	1697.66497	802.65163
7	3	0	177.86802	767.08005	1.21827	787.77903
7	4	0	802.49239	657.08681	115.12690	696.90868
7	4	1	759.85279	652.82525	77.96954	693.25592
7	5	0	482.43655	546.11274	402.63959	581.74859
7	5	1	264.97462	526.63134	196.14213	579.31342
7	6	0	1132.97970	710.39459	878.58376	723.84780
7	6	1	1366.27919	550.89064	1103.96447	549.12401
7	7	0	1698.32177	198.56502	1827.33123	126.52466
7	7	1	1544.47950	236.09865	1638.35962	190.69507
7	8	0	852.18274	789.52198	596.34518	796.57046
7	8	1	339.28934	738.99211	35.32995	771.00113
7	9	0	1515.53299	388.14769	1255.10152	361.10372
7	9	1	1221.31980	744.29200	967.58883	745.25254
7	10	0	987.67005	258.12852	946.56853	259.34611
7	10	1	1200.25888	237.42954	1163.42132	221.60090
7	11	0	956.34518	382.32244	1056.24365	378.66967
7	12	0	1005.07614	417.63247	1098.88325	406.67418
7	13	0	1167.10660	399.36866	1237.76650	383.54002
7	14	0	490.84772	434.60767	322.84264	468.66178
7	14	1	928.20812	676.29876	705.38071	679.91319
7	15	0	406.29442	465.99887	380.10152	502.82751
7	15	1	28.62944	454.43179	44.46701	508.91545
7	16	0	361.82741	262.99887	490.96447	299.52649
7	17	0	976.13706	542.65614	982.76142	539.53326
7	17	1	1169.23350	462.90417	1166.72081	442.73506
7	18	0	793.09645	663.13754	691.97970	669.78129
7	18	1	258.27411	663.74634	209.54315	689.87148
7	19	0	400.81218	388.41037	527.51269	422.50282
7	20	0	110.25381	327.30440	109.03553	382.44081
7	21	0	1067.29442	712.77452	893.09137	708.11499
7	21	1	759.07107	706.07779	600.09645	710.55017
7	22	0	434.92386	734.20519	177.86802	757.33935
7	23	0	1641.01523	463.56144	1689.74619	407.72604
7	23	1	1289.54315	496.43630	1302.33503	471.04059
8	0	0	383.75635	634.95490	247.30964	641.03833
8	0	1	289.94924	628.86697	157.15736	636.77678
8	1	0	38.98477	977.72266	1.21827	958.24126
8	2	0	333.19797	778.43179	271.06599	776.18151
8	2	1	392.89340	769.90868	316.14213	774.96392
8	3	0	611.57360	676.97858	632.28426	686.71928
8	4	0	431.26904	824.30665	155.93909	810.91319
8	5	0	80.19802	282.70297	279.00000	344.04950
8	6	0	14.61929	571.73957	34.72081	594.95490
8	6	1	221.11675	566.26043	223.55330	589.47576
8	7	0	1156.01015	599.38557	1001.15228	594.12627
8	7	1	1416.72081	606.08230	1292.92893	593.51747
8	8	0	1193.80198	318.54455	1126.07921	300.17822
8	8	1	973.66337	323.05941	911.21782	325.44554
8	9	0	1125.63959	752.30440	858.81726	746.60767
8	9	1	1581.27411	690.20744	1265.11168	671.11725
8	10	0	851.57360	568.61330	393.50254	558.87260
8	10	1	1525.27919	326.31342	1035.53299	270.30440
8	11	0	546.39594	562.21421	475.12690	575.52198
8	11	1	330.76142	496.46449	269.84772	518.29538
8	12	0	618.27411	492.83202	495.22843	500.91770
8	12	1	132.18274	369.24690	28.02030	410.20744
8	13	0	326.49746	376.23450	488.52792	417.63247
8	14	0	1028.09645	309.99887	1096.73096	314.95265
8	14	1	872.76650	305.12852	943.22843	322.86697
8	15	0	787.69543	198.20293	325.42132	197.85795
8	15	1	1616.73096	335.79030	1103.89848	281.26268
8	16	0	969.58883	837.65840	727.84772	827.35062
8	16	1	548.67513	692.76550	330.69036	690.37204
8	17	0	1617.93069	706.38614	1512.59406	697.05941
8	17	1	1874.05941	604.69307	1840.99010	577.97030
8	18	0	917.12183	650.34837	796.08629	653.69786
8	18	1	1172.35025	649.73957	1032.43147	642.73957
8	19	0	1324.71574	322.17024	1385.09137	298.94814
8	19	1	1213.24365	355.04510	1269.96447	344.60767
8	20	0	615.22843	194.81398	645.68528	227.68884
8	21	0	921.01523	376.23450	1039.18782	389.62796
8	22	0	1016.04061	413.97971	1143.95939	420.06764
8	23	0	1107.41117	420.06764	1246.29442	423.72041
8	24	0	266.80203	446.85457	348.42640	477.29425
8	25	0	799.18782	715.94138	469.03553	708.63585
8	26	0	1782.33503	714.47576	1617.86802	692.99436
8	26	1	1553.29949	726.65163	1383.95939	710.64938
8	27	0	1092.61421	595.04735	1082.75127	594.17249
8	27	1	1246.72589	602.96167	1250.26396	599.65163
8	28	0	1245.40609	633.34837	1156.65990	625.95490
8	28	1	1112.00508	623.60767	1029.95939	619.86697
8	29	0	912.48731	685.50169	784.56853	684.28410
8	30	0	555.53299	673.32582	347.20812	670.89064
9	0	0	598.20000	124.20000	522.00000	155.40000
9	0	1	1192.80000	342.00000	1112.40000	312.00000
9	1	0	1010.40000	547.80000	758.40000	542.40000
9	1	1	391.80000	554.60000	201.00000	581.40000
9	2	0	1684.00000	589.00000	1346.40000	544.40000
9	2	1	1327.00000	560.20000	1051.80000	539.00000
9	3	0	1442.20000	355.20000	1288.20000	308.20000
9	3	1	1293.40000	386.40000	1140.00000	352.60000
9	4	0	169.80000	296.40000	137.40000	352.00000
9	4	1	340.80000	294.60000	283.80000	338.80000
9	5	0	1198.80000	423.80000	874.20000	407.20000
9	5	1	1018.80000	472.40000	731.40000	466.60000
9	6	0	1382.40000	380.80000	1116.00000	345.40000
9	6	1	1218.00000	424.60000	980.40000	403.00000
9	7	0	636.40000	349.60000	559.80000	366.80000
9	7	1	513.40000	310.60000	436.20000	342.80000
9	8	0	1508.40000	626.00000	1215.40000	595.20000
9	8	1	1710.60000	611.00000	1394.20000	563.40000
9	9	0	1798.80000	484.80000	1572.00000	417.60000
9	10	0	1681.20000	651.60000	1162.80000	618.00000
9	11	0	1664.40000	357.60000	1528.80000	288.00000
9	12	0	1873.20000	336.00000	1911.60000	222.00000
9	13	0	1747.80000	406.00000	1372.80000	347.00000
9	13	1	1510.20000	509.80000	1167.60000	470.00000
9	14	0	890.40000	584.80000	621.80000	583.40000
9	14	1	708.00000	524.80000	477.80000	536.60000
9	15	0	1048.80000	411.40000	838.80000	400.80000
9	15	1	1215.00000	426.40000	1000.80000	402.60000
