OpCode	Camera	MovieSeqIndex	StartTimeOffset	Format	Filename	Frames	Rate
1	0	0	0.00000	0	L041 (06).MP4	81062	59.94006
1	0	0	0.00000	0	L041 (07).MP4	81061	59.94006
1	0	0	0.00000	0	L041 (08).MP4	81061	59.94006
1	0	0	0.00000	0	L041 (09).MP4	81062	59.94006
1	0	0	0.00000	0	L041 (10).MP4	81061	59.94006
1	0	0	0.00000	0	L041 (11).MP4	81062	59.94006
1	0	0	0.00000	0	L041 (12).MP4	38371	59.94006
1	0	0	0.00000	0	L041 (09).MP4	81060	59.94006
1	0	0	0.00000	0	L041 (11).MP4	81060	59.94006
1	1	0	0.00000	0	R042 (06).MP4	81062	59.94006
1	1	0	0.00000	0	R042 (07).MP4	81061	59.94006
1	1	0	0.00000	0	R042 (08).MP4	81061	59.94006
1	1	0	0.00000	0	R042 (09).MP4	81062	59.94006
1	1	0	0.00000	0	R042 (10).MP4	81061	59.94006
1	1	0	0.00000	0	R042 (11).MP4	81062	59.94006
1	1	0	0.00000	0	R042 (12).MP4	35131	59.94006
1	1	0	0.00000	0	R042 (09).MP4	81060	59.94006
1	1	0	0.00000	0	R042 (11).MP4	81060	59.94006
10	0	0	0.00000	0	L035 (08).MP4	81122	59.94006
10	0	0	0.00000	0	L035 (09).MP4	81062	59.94006
10	0	0	0.00000	0	L035 (10).MP4	81061	59.94006
10	0	0	0.00000	0	L035 (11).MP4	81062	59.94006
10	0	0	0.00000	0	L035 (12).MP4	81061	59.94006
10	0	0	0.00000	0	L035 (13).MP4	81062	59.94006
10	0	0	0.00000	0	L035 (14).MP4	33751	59.94006
10	1	0	0.00000	0	R036 (08).MP4	81122	59.94006
10	1	0	0.00000	0	R036 (09).MP4	81062	59.94006
10	1	0	0.00000	0	R036 (10).MP4	81061	59.94006
10	1	0	0.00000	0	R036 (11).MP4	81062	59.94006
10	1	0	0.00000	0	R036 (12).MP4	81061	59.94006
10	1	0	0.00000	0	R036 (13).MP4	81062	59.94006
10	1	0	0.00000	0	R036 (14).MP4	30331	59.94006
11	0	0	0.00000	0	L039 (08).MP4	81122	59.94006
11	0	0	0.00000	0	L039 (09).MP4	81062	59.94006
11	0	0	0.00000	0	L039 (10).MP4	81061	59.94006
11	0	0	0.00000	0	L039 (11).MP4	81122	59.94006
11	0	0	0.00000	0	L039 (12).MP4	81061	59.94006
11	0	0	0.00000	0	L039 (13).MP4	81062	59.94006
11	0	0	0.00000	0	L039 (14).MP4	36541	59.94006
11	0	0	0.00000	0	L039 (11).MP4	81120	59.94006
11	1	0	0.00000	0	R040 (08).MP4	81122	59.94006
11	1	0	0.00000	0	R040 (09).MP4	81062	59.94006
11	1	0	0.00000	0	R040 (10).MP4	81061	59.94006
11	1	0	0.00000	0	R040 (11).MP4	81062	59.94006
11	1	0	0.00000	0	R040 (12).MP4	81061	59.94006
11	1	0	0.00000	0	R040 (13).MP4	81062	59.94006
11	1	0	0.00000	0	R040 (11).MP4	81060	59.94006
12	0	0	0.00000	0	L039 (1).MP4	81122	59.94006
12	0	0	0.00000	0	L039 (2).MP4	81062	59.94006
12	0	0	0.00000	0	L039 (3).MP4	81061	59.94006
12	0	0	0.00000	0	L039 (4).MP4	81062	59.94006
12	0	0	0.00000	0	L039 (5).MP4	81061	59.94006
12	0	0	0.00000	0	L039 (6).MP4	81062	59.94006
12	0	0	0.00000	0	L039 (7).MP4	32011	59.94006
12	0	0	0.00000	0	L039 (4).MP4	81060	59.94006
12	1	0	0.00000	0	R040 (1).MP4	81062	59.94006
12	1	0	0.00000	0	R040 (2).MP4	81061	59.94006
12	1	0	0.00000	0	R040 (3).MP4	81061	59.94006
12	1	0	0.00000	0	R040 (4).MP4	81062	59.94006
12	1	0	0.00000	0	R040 (5).MP4	81061	59.94006
12	1	0	0.00000	0	R040 (6).MP4	81122	59.94006
12	1	0	0.00000	0	R040 (7).MP4	12361	59.94006
12	1	0	0.00000	0	R040 (4).MP4	81060	59.94006
13	0	0	0.00000	0	L037 (1).MP4	23252	59.94006
13	0	0	0.00000	0	L037 (2).MP4	81122	59.94006
13	0	0	0.00000	0	L037 (3).MP4	81062	59.94006
13	0	0	0.00000	0	L037 (4).MP4	81061	59.94006
13	0	0	0.00000	0	L037 (5).MP4	81062	59.94006
13	0	0	0.00000	0	L037 (6).MP4	19291	59.94006
13	0	0	0.00000	0	L037 (3).MP4	81060	59.94006
13	0	0	0.00000	0	L037 (5).MP4	81060	59.94006
13	1	0	0.00000	0	R038 (1).MP4	81122	59.94006
13	1	0	0.00000	0	R038 (2).MP4	81062	59.94006
13	1	0	0.00000	0	R038 (3).MP4	81061	59.94006
13	1	0	0.00000	0	R038 (4).MP4	81062	59.94006
13	1	0	0.00000	0	R038 (5).MP4	54481	59.94006
13	1	0	0.00000	0	R038 (2).MP4	81060	59.94006
13	1	0	0.00000	0	R038 (4).MP4	81060	59.94006
14	0	0	0.00000	0	L027 (01).MP4	81002	59.94006
14	0	0	0.00000	0	L027 (02).MP4	81061	59.94006
14	0	0	0.00000	0	L027 (03).MP4	81061	59.94006
14	0	0	0.00000	0	L027 (04).MP4	81061	59.94006
14	0	0	0.00000	0	L027 (05).MP4	81061	59.94006
14	0	0	0.00000	0	L027 (06).MP4	81122	59.94006
14	0	0	0.00000	0	L027 (07).MP4	17911	59.94006
14	1	0	0.00000	0	R028 (01).MP4	81002	59.94006
14	1	0	0.00000	0	R028 (02).MP4	81001	59.94006
14	1	0	0.00000	0	R028 (03).MP4	81122	59.94006
14	1	0	0.00000	0	R028 (04).MP4	81061	59.94006
14	1	0	0.00000	0	R028 (05).MP4	81061	59.94006
14	1	0	0.00000	0	R028 (06).MP4	81122	59.94006
14	1	0	0.00000	0	R028 (07).MP4	22651	59.94006
14	1	0	0.00000	0	R028 (03).MP4	81120	59.94006
15	0	0	0.00000	0	L033 (1).MP4	152	59.94006
15	0	0	0.00000	0	L033 (2).MP4	81062	59.94006
15	0	0	0.00000	0	L033 (3).MP4	81061	59.94006
15	0	0	0.00000	0	L033 (4).MP4	81061	59.94006
15	0	0	0.00000	0	L033 (5).MP4	81062	59.94006
15	0	0	0.00000	0	L033 (6).MP4	81061	59.94006
15	0	0	0.00000	0	L033 (7).MP4	47222	59.94006
15	1	0	0.00000	0	R034 (1).MP4	81062	59.94006
15	1	0	0.00000	0	R034 (2).MP4	81061	59.94006
15	1	0	0.00000	0	R034 (3).MP4	81061	59.94006
15	1	0	0.00000	0	R034 (4).MP4	81062	59.94006
15	1	0	0.00000	0	R034 (5).MP4	81121	59.94006
15	1	0	0.00000	0	R034 (6).MP4	81062	59.94006
15	1	0	0.00000	0	R034 (7).MP4	3931	59.94006
16	0	0	0.00000	0	R042 (01).MP4	81122	59.94006
16	0	0	0.00000	0	R042 (02).MP4	81062	59.94006
16	0	0	0.00000	0	R042 (03).MP4	81061	59.94006
16	0	0	0.00000	0	R042 (04).MP4	81062	59.94006
16	0	0	0.00000	0	R042 (05).MP4	12031	59.94006
16	1	0	0.00000	0	L041 (01).MP4	81122	59.94006
16	1	0	0.00000	0	L041 (02).MP4	81060	59.94006
16	1	0	0.00000	0	L041 (03).MP4	81061	59.94006
16	1	0	0.00000	0	L041 (04).MP4	81120	59.94006
16	1	0	0.00000	0	L041 (05).MP4	12451	59.94006
17	0	0	0.00000	0	L027 (1).MP4	81062	59.94006
17	0	0	0.00000	0	L027 (2).MP4	81061	59.94006
17	0	0	0.00000	0	L027 (3).MP4	81061	59.94006
17	0	0	0.00000	0	L027 (4).MP4	81062	59.94006
17	0	0	0.00000	0	L027 (5).MP4	81061	59.94006
17	0	0	0.00000	0	L027 (6).MP4	46532	59.94006
17	0	0	0.00000	0	L027 (4).MP4	81060	59.94006
17	1	0	0.00000	0	R028 (01).MP4	81122	59.94006
17	1	0	0.00000	0	R028 (02).MP4	81060	59.94006
17	1	0	0.00000	0	R028 (03).MP4	81061	59.94006
17	1	0	0.00000	0	R028 (04).MP4	81060	59.94006
17	1	0	0.00000	0	R028 (05).MP4	81061	59.94006
17	1	0	0.00000	0	R028 (06).MP4	34740	59.94006
18	0	0	0.00000	0	L029 (01).MP4	81002	59.94006
18	0	0	0.00000	0	L029 (02).MP4	81001	59.94006
18	0	0	0.00000	0	L029 (03).MP4	81062	59.94006
18	0	0	0.00000	0	L029 (04).MP4	81061	59.94006
18	0	0	0.00000	0	L029 (05).MP4	81061	59.94006
18	0	0	0.00000	0	L029 (06).MP4	66721	59.94006
18	0	0	0.00000	0	L029 (03).MP4	81060	59.94006
18	1	0	0.00000	0	R030 (01).MP4	81002	59.94006
18	1	0	0.00000	0	R030 (02).MP4	81001	59.94006
18	1	0	0.00000	0	R030 (03).MP4	81062	59.94006
18	1	0	0.00000	0	R030 (04).MP4	81061	59.94006
18	1	0	0.00000	0	R030 (05).MP4	81061	59.94006
18	1	0	0.00000	0	R030 (06).MP4	81121	59.94006
18	1	0	0.00000	0	R030 (07).MP4	81001	59.94006
18	1	0	0.00000	0	R030 (08).MP4	36182	59.94006
18	1	0	0.00000	0	R030 (03).MP4	81060	59.94006
19	0	0	0.00000	0	L033 (01).MP4	81062	59.94006
19	0	0	0.00000	0	L033 (02).MP4	81001	59.94006
19	0	0	0.00000	0	L033 (03).MP4	81061	59.94006
19	0	0	0.00000	0	L033 (04).MP4	81061	59.94006
19	0	0	0.00000	0	L033 (05).MP4	81061	59.94006
19	0	0	0.00000	0	L033 (06).MP4	81060	59.94006
19	0	0	0.00000	0	L033 (07).MP4	52021	59.94006
19	1	0	0.00000	0	R034 (01).MP4	81062	59.94006
19	1	0	0.00000	0	R034 (02).MP4	81061	59.94006
19	1	0	0.00000	0	R034 (03).MP4	81061	59.94006
19	1	0	0.00000	0	R034 (04).MP4	81060	59.94006
19	1	0	0.00000	0	R034 (05).MP4	81061	59.94006
19	1	0	0.00000	0	R034 (06).MP4	81060	59.94006
19	1	0	0.00000	0	R034 (07).MP4	58471	59.94006
2	0	0	0.00000	0	L031 (06).MP4	81122	59.94006
2	0	0	0.00000	0	L031 (07).MP4	81062	59.94006
2	0	0	0.00000	0	L031 (08).MP4	81061	59.94006
2	0	0	0.00000	0	L031 (09).MP4	81062	59.94006
2	0	0	0.00000	0	L031 (10).MP4	81061	59.94006
2	0	0	0.00000	0	L031 (11).MP4	81062	59.94006
2	0	0	0.00000	0	L031 (12).MP4	42391	59.94006
2	1	0	0.00000	0	R032 (07).MP4	81002	59.94006
2	1	0	0.00000	0	R032 (08).MP4	81001	59.94006
2	1	0	0.00000	0	R032 (09).MP4	81002	59.94006
2	1	0	0.00000	0	R032 (10).MP4	81121	59.94006
2	1	0	0.00000	0	R032 (11).MP4	81061	59.94006
2	1	0	0.00000	0	R032 (12).MP4	81061	59.94006
2	1	0	0.00000	0	R032 (13).MP4	44671	59.94006
21	0	0	0.00000	0	L043 (01).MP4	81062	59.94006
21	0	0	0.00000	0	L043 (02).MP4	81061	59.94006
21	0	0	0.00000	0	L043 (03).MP4	81061	59.94006
21	0	0	0.00000	0	L043 (04).MP4	81062	59.94006
21	0	0	0.00000	0	L043 (05).MP4	81061	59.94006
21	0	0	0.00000	0	L043 (06).MP4	71012	59.94006
21	1	0	0.00000	0	R044 (01).MP4	3842	59.94006
21	1	0	0.00000	0	R044 (02).MP4	81062	59.94006
21	1	0	0.00000	0	R044 (03).MP4	81061	59.94006
21	1	0	0.00000	0	R044 (04).MP4	81061	59.94006
21	1	0	0.00000	0	R044 (05).MP4	81062	59.94006
21	1	0	0.00000	0	R044 (06).MP4	81061	59.94006
21	1	0	0.00000	0	R044 (07).MP4	54512	59.94006
22	0	0	0.00000	0	L029 (01).MP4	362	59.94006
22	0	0	0.00000	0	L029 (02).MP4	81122	59.94006
22	0	0	0.00000	0	L029 (03).MP4	81062	59.94006
22	0	0	0.00000	0	L029 (04).MP4	81061	59.94006
22	0	0	0.00000	0	L029 (05).MP4	81062	59.94006
22	0	0	0.00000	0	L029 (06).MP4	81121	59.94006
22	0	0	0.00000	0	L029 (07).MP4	7832	59.94006
22	0	0	0.00000	0	L029 (03).MP4	81060	59.94006
22	0	0	0.00000	0	L029 (05).MP4	81060	59.94006
22	1	0	0.00000	0	R030 (01).MP4	4292	59.94006
22	1	0	0.00000	0	R030 (02).MP4	81062	59.94006
22	1	0	0.00000	0	R030 (03).MP4	81061	59.94006
22	1	0	0.00000	0	R030 (04).MP4	81061	59.94006
22	1	0	0.00000	0	R030 (05).MP4	81062	59.94006
22	1	0	0.00000	0	R030 (06).MP4	71071	59.94006
22	1	0	0.00000	0	R030 (05).MP4	81060	59.94006
23	0	0	0.00000	0	L041 (01).MP4	81002	59.94006
23	0	0	0.00000	0	L041 (02).MP4	80941	59.94006
23	0	0	0.00000	0	L041 (03).MP4	81062	59.94006
23	0	0	0.00000	0	L041 (04).MP4	81061	59.94006
23	0	0	0.00000	0	L041 (05).MP4	81062	59.94006
23	0	0	0.00000	0	L041 (06).MP4	81121	59.94006
23	0	0	0.00000	0	L041 (07).MP4	2521	59.94006
23	0	0	0.00000	0	L041 (03).MP4	81060	59.94006
23	0	0	0.00000	0	L041 (05).MP4	81060	59.94006
23	1	0	0.00000	0	R042 (01).MP4	81002	59.94006
23	1	0	0.00000	0	R042 (02).MP4	81001	59.94006
23	1	0	0.00000	0	R042 (03).MP4	81062	59.94006
23	1	0	0.00000	0	R042 (04).MP4	81061	59.94006
23	1	0	0.00000	0	R042 (05).MP4	81061	59.94006
23	1	0	0.00000	0	R042 (06).MP4	81061	59.94006
23	1	0	0.00000	0	R042 (07).MP4	20161	59.94006
23	1	0	0.00000	0	R042 (03).MP4	81060	59.94006
25	0	0	0.00000	0	L031 (1).MP4	81122	59.94006
25	0	0	0.00000	0	L031 (2).MP4	81062	59.94006
25	0	0	0.00000	0	L031 (3).MP4	81061	59.94006
25	0	0	0.00000	0	L031 (4).MP4	81062	59.94006
25	0	0	0.00000	0	L031 (5).MP4	56371	59.94006
25	1	0	0.00000	0	R032 (1).MP4	572	59.94006
25	1	0	0.00000	0	R032 (2).MP4	81122	59.94006
25	1	0	0.00000	0	R032 (3).MP4	81062	59.94006
25	1	0	0.00000	0	R032 (4).MP4	81061	59.94006
25	1	0	0.00000	0	R032 (5).MP4	81062	59.94006
25	1	0	0.00000	0	R032 (6).MP4	57301	59.94006
25	1	0	0.00000	0	R032 (3).MP4	81060	59.94006
26	0	0	0.00000	0	L039 (01).MP4	81062	59.94006
26	0	0	0.00000	0	L039 (02).MP4	81061	59.94006
26	0	0	0.00000	0	L039 (03).MP4	81061	59.94006
26	0	0	0.00000	0	L039 (04).MP4	81060	59.94006
26	0	0	0.00000	0	L039 (05).MP4	81061	59.94006
26	0	0	0.00000	0	L039 (06).MP4	81060	59.94006
26	0	0	0.00000	0	L039 (07).MP4	81061	59.94006
26	0	0	0.00000	0	L039 (08).MP4	1592	59.94006
26	1	0	0.00000	0	R040 (01).MP4	81122	59.94006
26	1	0	0.00000	0	R040 (02).MP4	81062	59.94006
26	1	0	0.00000	0	R040 (03).MP4	81121	59.94006
26	1	0	0.00000	0	R040 (04).MP4	81060	59.94006
26	1	0	0.00000	0	R040 (05).MP4	81061	59.94006
26	1	0	0.00000	0	R040 (06).MP4	81060	59.94006
26	1	0	0.00000	0	R040 (07).MP4	81121	59.94006
26	1	0	0.00000	0	R040 (08).MP4	6721	59.94006
27	0	0	0.00000	0	L043 (07).MP4	80882	59.94006
27	0	0	0.00000	0	L043 (08).MP4	80941	59.94006
27	0	0	0.00000	0	L043 (09).MP4	81002	59.94006
27	0	0	0.00000	0	L043 (10).MP4	81061	59.94006
27	0	0	0.00000	0	L043 (11).MP4	81062	59.94006
27	0	0	0.00000	0	L043 (12).MP4	81061	59.94006
27	0	0	0.00000	0	L043 (13).MP4	30812	59.94006
27	1	0	0.00000	0	R044 (08).MP4	81002	59.94006
27	1	0	0.00000	0	R044 (09).MP4	81001	59.94006
27	1	0	0.00000	0	R044 (10).MP4	81062	59.94006
27	1	0	0.00000	0	R044 (11).MP4	81061	59.94006
27	1	0	0.00000	0	R044 (12).MP4	81061	59.94006
27	1	0	0.00000	0	R044 (13).MP4	81061	59.94006
27	1	0	0.00000	0	R044 (14).MP4	30721	59.94006
3	0	0	0.00000	0	L029 (08).MP4	81002	59.94006
3	0	0	0.00000	0	L029 (09).MP4	80941	59.94006
3	0	0	0.00000	0	L029 (10).MP4	81002	59.94006
3	0	0	0.00000	0	L029 (11).MP4	81061	59.94006
3	0	0	0.00000	0	L029 (12).MP4	81122	59.94006
3	0	0	0.00000	0	L029 (13).MP4	81121	59.94006
3	0	0	0.00000	0	L029 (14).MP4	44521	59.94006
3	0	0	0.00000	0	L029 (15).MP4	122	59.94006
3	1	0	0.00000	0	R030 (07).MP4	422	59.94006
3	1	0	0.00000	0	R030 (08).MP4	81002	59.94006
3	1	0	0.00000	0	R030 (09).MP4	81001	59.94006
3	1	0	0.00000	0	R030 (10).MP4	81002	59.94006
3	1	0	0.00000	0	R030 (11).MP4	81061	59.94006
3	1	0	0.00000	0	R030 (12).MP4	81062	59.94006
3	1	0	0.00000	0	R030 (13).MP4	81061	59.94006
3	1	0	0.00000	0	R030 (14).MP4	36031	59.94006
4	0	0	0.00000	0	L027_1.MP4	81122	59.94006
4	0	0	0.00000	0	L027_2.MP4	81060	59.94006
4	0	0	0.00000	0	L027_3.MP4	81061	59.94006
4	0	0	0.00000	0	L027_4.MP4	81060	59.94006
4	0	0	0.00000	0	L027_5.MP4	81061	59.94006
4	0	0	0.00000	0	L027_6.MP4	81060	59.94006
4	0	0	0.00000	0	L027_7.MP4	32431	59.94006
4	1	0	0.00000	0	R028_1.MP4	81002	59.94006
4	1	0	0.00000	0	R028_2.MP4	81001	59.94006
4	1	0	0.00000	0	R028_3.MP4	81060	59.94006
4	1	0	0.00000	0	R028_4.MP4	81061	59.94006
4	1	0	0.00000	0	R028_5.MP4	81061	59.94006
4	1	0	0.00000	0	R028_6.MP4	81061	59.94006
4	1	0	0.00000	0	R028_7.MP4	34831	59.94006
5	0	0	0.00000	0	L037 (01).MP4	81122	59.94006
5	0	0	0.00000	0	L037 (02).MP4	81062	59.94006
5	0	0	0.00000	0	L037 (03).MP4	81061	59.94006
5	0	0	0.00000	0	L037 (04).MP4	81122	59.94006
5	0	0	0.00000	0	L037 (05).MP4	60091	59.94006
5	1	0	0.00000	0	R038 (01).MP4	81122	59.94006
5	1	0	0.00000	0	R038 (02).MP4	81061	59.94006
5	1	0	0.00000	0	R038 (03).MP4	81122	59.94006
5	1	0	0.00000	0	R038 (04).MP4	59161	59.94006
5	1	0	0.00000	0	R038 (05).MP4	81122	59.94006
6	0	0	0.00000	0	L037 (07).MP4	81122	59.94006
6	0	0	0.00000	0	L037 (08).MP4	81122	59.94006
6	0	0	0.00000	0	L037 (09).MP4	81061	59.94006
6	0	0	0.00000	0	L037 (10).MP4	81062	59.94006
6	0	0	0.00000	0	L037 (11).MP4	81061	59.94006
6	0	0	0.00000	0	L037 (12).MP4	81062	59.94006
6	0	0	0.00000	0	L037 (13).MP4	41971	59.94006
6	0	0	0.00000	0	L037 (12).MP4	81060	59.94006
6	0	0	0.00000	0	L037 (10).MP4	81060	59.94006
6	1	0	0.00000	0	R038 (06).MP4	81122	59.94006
6	1	0	0.00000	0	R038 (07).MP4	81062	59.94006
6	1	0	0.00000	0	R038 (08).MP4	81061	59.94006
6	1	0	0.00000	0	R038 (09).MP4	81122	59.94006
6	1	0	0.00000	0	R038 (10).MP4	81061	59.94006
6	1	0	0.00000	0	R038 (11).MP4	81062	59.94006
6	1	0	0.00000	0	R038 (12).MP4	41341	59.94006
6	1	0	0.00000	0	R038 (09).MP4	81120	59.94006
7	0	0	0.00000	0	L035 (1).MP4	81062	59.94006
7	0	0	0.00000	0	L035 (2).MP4	81121	59.94006
7	0	0	0.00000	0	L035 (3).MP4	81061	59.94006
7	0	0	0.00000	0	L035 (4).MP4	81062	59.94006
7	0	0	0.00000	0	L035 (5).MP4	81061	59.94006
7	0	0	0.00000	0	L035 (6).MP4	81122	59.94006
7	0	0	0.00000	0	L035 (7).MP4	29941	59.94006
7	1	0	0.00000	0	R036 (1).MP4	81122	59.94006
7	1	0	0.00000	0	R036 (2).MP4	81122	59.94006
7	1	0	0.00000	0	R036 (3).MP4	81061	59.94006
7	1	0	0.00000	0	R036 (4).MP4	81062	59.94006
7	1	0	0.00000	0	R036 (5).MP4	81061	59.94006
7	1	0	0.00000	0	R036 (6).MP4	81062	59.94006
7	1	0	0.00000	0	R036 (7).MP4	22471	59.94006
7	1	0	0.00000	0	R036 (4).MP4	81060	59.94006
8	0	0	0.00000	0	L033 (08).MP4	81002	59.94006
8	0	0	0.00000	0	L033 (09).MP4	81001	59.94006
8	0	0	0.00000	0	L033 (10).MP4	81062	59.94006
8	0	0	0.00000	0	L033 (11).MP4	81061	59.94006
8	0	0	0.00000	0	L033 (12).MP4	81061	59.94006
8	0	0	0.00000	0	L033 (13).MP4	81061	59.94006
8	0	0	0.00000	0	L033 (14).MP4	35101	59.94006
8	1	0	0.00000	0	R034 (08).MP4	81002	59.94006
8	1	0	0.00000	0	R034 (09).MP4	80941	59.94006
8	1	0	0.00000	0	R034 (10).MP4	81062	59.94006
8	1	0	0.00000	0	R034 (11).MP4	81061	59.94006
8	1	0	0.00000	0	R034 (12).MP4	81062	59.94006
8	1	0	0.00000	0	R034 (13).MP4	81061	59.94006
8	1	0	0.00000	0	R034 (14).MP4	33931	59.94006
9	0	0	0.00000	0	L031 (01).MP4	81062	59.94006
9	0	0	0.00000	0	L031 (02).MP4	81061	59.94006
9	0	0	0.00000	0	L031 (03).MP4	81061	59.94006
9	0	0	0.00000	0	L031 (04).MP4	81122	59.94006
9	0	0	0.00000	0	L031 (05).MP4	81061	59.94006
9	0	0	0.00000	0	L031 (06).MP4	14432	59.94006
9	0	0	0.00000	0	L031 (04).MP4	81120	59.94006
9	1	0	0.00000	0	R032 (01).MP4	81062	59.94006
9	1	0	0.00000	0	R032 (02).MP4	81061	59.94006
9	1	0	0.00000	0	R032 (03).MP4	81061	59.94006
9	1	0	0.00000	0	R032 (04).MP4	81062	59.94006
9	1	0	0.00000	0	R032 (05).MP4	81121	59.94006
9	1	0	0.00000	0	R032 (06).MP4	22712	59.94006
9	1	0	0.00000	0	R032 (04).MP4	81060	59.94006
